-8.21989	1750772947199.98950
-8.21167	1255637529599.99270
-8.20345	868914115199.99487
-8.19522	706296110399.99585
-8.18700	612446913599.99634
-8.17878	546914284799.99677
-8.17056	499989686399.99707
-8.16234	462773625599.99719
-8.15411	432838967999.99744
-8.14589	408567623999.99762
-8.13767	387532459199.99774
-8.12945	369733473599.99780
-8.12123	354361622399.99792
-8.11300	340607860799.99799
-8.10478	328472188799.99805
-8.09656	317145561599.99811
-8.08834	306627979199.99817
-8.08012	298537531199.99823
-8.07189	289638038399.99829
-8.06367	1220848603199.99290
-8.05545	1965978863999.98850
-8.04723	1237029499199.99270
-8.03900	1022632627199.99400
-8.03078	901275907199.99475
-8.02256	823607606399.99500
-8.01434	764547335999.99548
-8.00612	720049871999.99573
-7.99789	682833811199.99585
-7.98967	652090108799.99622
-7.98145	627009719999.99634
-7.97323	602738375999.99646
-7.96501	584130345599.99658
-7.95679	565522315199.99670
-7.94856	549341419199.99677
-7.94034	534778612799.99683
-7.93212	521024851199.99695
-7.92390	509698223999.99701
-7.91568	497562551999.99707
-7.90745	487854014399.99707
-7.89923	477336431999.99719
-7.89101	469245983999.99725
-7.88279	459537446399.99731
-7.87457	451446998399.99731
-7.86634	444165595199.99738
-7.85812	437693236799.99738
-7.84990	429602788799.99750
-7.84168	423130430399.99750
-7.83345	417467116799.99750
-7.82523	411803803199.99750
-7.81701	406140489599.99762
-7.80879	400477175999.99762
-7.80057	395622907199.99768
-7.79235	389959593599.99768
-7.78412	385914369599.99774
-7.77590	381060100799.99774
-7.76768	377014876799.99774
-7.75946	372160607999.99780
-7.75124	368924428799.99780
-7.74301	364879204799.99786
-7.73479	360024935999.99786
-7.72657	356788756799.99786
-7.71835	353552577599.99792
-7.71013	350316398399.99792
-7.70190	347080219199.99799
-7.69368	343034995199.99799
-7.68546	340607860799.99799
-7.67724	337371681599.99799
-7.66901	334944547199.99805
-7.66079	330899323199.99805
-7.65257	329281233599.99805
-7.64435	325236009599.99811
-7.63613	323617919999.99811
-7.62791	320381740799.99811
-7.61968	318763651199.99811
-7.61146	316336516799.99811
-7.60324	313100337599.99817
-7.59502	1338160099199.99220
-7.58680	1981350715199.98830
-7.57857	1283954097599.99240
-7.57035	1071984359999.99370
-7.56213	956290953599.99426
-7.55391	879431697599.99487
-7.54569	824416651199.99500
-7.53746	781537276799.99536
-7.52924	745939305599.99561
-7.52102	717622737599.99573
-7.51280	693351393599.99573
-7.50458	673125273599.99609
-7.49635	653708198399.99609
-7.48813	638336347199.99622
-7.47991	622155451199.99634
-7.47169	610019779199.99646
-7.46347	597884107199.99646
-7.45524	585748435199.99658
-7.44702	576039897599.99658
-7.43880	565522315199.99670
-7.43058	558240911999.99670
-7.42236	550150463999.99670
-7.41413	540441926399.99683
-7.40591	533969567999.99683
-7.39769	527497209599.99689
-7.38947	520215806399.99695
-7.38124	514552492799.99695
-7.37302	508080134399.99695
-7.36480	502416820799.99707
-7.35658	497562551999.99707
-7.34836	491090193599.99713
-7.34014	487044969599.99713
-7.33191	482999745599.99707
-7.32369	477336431999.99719
-7.31547	474100252799.99719
-7.30725	468436939199.99725
-7.29903	465200759999.99725
-7.29080	460346491199.99731
-7.28258	457110311999.99731
-7.27436	454683177599.99731
-7.26614	449019863999.99738
-7.25792	446592729599.99738
-7.24969	442547505599.99731
-7.24147	439311326399.99744
-7.23325	436075147199.99744
-7.22503	433648012799.99744
-7.21680	430411833599.99744
-7.20858	428793743999.99750
-7.20036	423130430399.99750
-7.19214	421512340799.99750
-7.18392	419894251199.99750
-7.17570	416658071999.99756
-7.16747	414230937599.99756
-7.15925	410994758399.99756
-7.15103	408567623999.99762
-7.14281	406949534399.99756
-7.13459	403713355199.99762
-7.12636	402904310399.99762
-7.11814	399668131199.99762
-7.10992	396431951999.99768
-7.10170	395622907199.99768
-7.09347	394004817599.99768
-7.08525	390768638399.99768
-7.07703	388341503999.99774
-7.06881	387532459199.99774
-7.06059	385105324799.99774
-7.05237	383487235199.99774
-7.04414	381869145599.99768
-7.03592	379442011199.99774
-7.02770	377014876799.99774
-7.01948	376205831999.99780
-7.01126	373778697599.99780
-7.00303	372160607999.99780
-6.99481	371351563199.99774
-6.98659	369733473599.99780
-6.97837	367306339199.99786
-6.97015	364879204799.99786
-6.96192	365688249599.99786
-6.95370	362452070399.99786
-6.94548	360833980799.99786
-6.93726	360024935999.99786
-6.92904	358406846399.99786
-6.92081	356788756799.99786
-6.91259	355170667199.99792
-6.90437	354361622399.99792
-6.89615	352743532799.99792
-6.88793	351125443199.99786
-6.87970	349507353599.99792
-6.87148	348698308799.99792
-6.86326	347889263999.99792
-6.85504	345462129599.99799
-6.84682	344653084799.99799
-6.83859	2781496022399.98340
-6.83037	1453044460799.99150
-6.82215	1177160183999.99320
-6.81393	1043667791999.99390
-6.80570	954672863999.99438
-6.79748	893185459199.99475
-6.78926	847069905599.99500
-6.78104	810662889599.99524
-6.77282	780728231999.99536
-6.76459	754029753599.99548
-6.75637	733803633599.99561
-6.74815	713577513599.99573
-6.73993	697396617599.99585
-6.73171	682833811199.99585
-6.72349	669080049599.99609
-6.71526	656944377599.99609
-6.70704	645617750399.99622
-6.69882	634291123199.99622
-6.69060	626200675199.99634
-6.68238	617301182399.99634
-6.67415	610019779199.99646
-6.66593	601120286399.99646
-6.65771	594647927999.99646
-6.64949	586557479999.99658
-6.64127	582512255999.99658
-6.63304	574421807999.99658
-6.62482	568758494399.99658
-6.61660	563904225599.99658
-6.60838	559859001599.99670
-6.60016	551768553599.99670
-6.59193	550150463999.99670
-6.58371	544487150399.99677
-6.57549	539632881599.99683
-6.56727	536396702399.99683
-6.55905	530733388799.99689
-6.55082	528306254399.99683
-6.54260	524261030399.99689
-6.53438	521024851199.99695
-6.52616	516170582399.99695
-6.51794	513743447999.99695
-6.50971	509698223999.99701
-6.50149	508080134399.99695
-6.49327	502416820799.99707
-6.48505	502416820799.99707
-6.47682	497562551999.99707
-6.46860	495944462399.99707
-6.46038	491899238399.99713
-6.45216	490281148799.99713
-6.44394	487044969599.99713
-6.43572	482999745599.99707
-6.42749	483808790399.99713
-6.41927	478954521599.99719
-6.41105	478145476799.99713
-6.40283	474909297599.99719
-6.39461	473291207999.99719
-6.38638	470055028799.99725
-6.37816	468436939199.99725
-6.36994	466818849599.99725
-6.36172	464391715199.99725
-6.35350	461964580799.99725
-6.34527	459537446399.99731
-6.33705	457919356799.99725
-6.32883	457110311999.99731
-6.32061	454683177599.99731
-6.31238	453065087999.99731
-6.30416	450637953599.99738
-6.29594	449019863999.99738
-6.28772	447401774399.99731
-6.27950	445783684799.99738
-6.27128	444165595199.99738
-6.26305	441738460799.99738
-6.25483	440120371199.99744
-6.24661	439311326399.99744
-6.23839	438502281599.99744
-6.23017	436075147199.99744
-6.22194	434457057599.99744
-6.21372	433648012799.99744
-6.20550	432029923199.99738
-6.19728	429602788799.99750
-6.18905	428793743999.99750
-6.18083	427984699199.99750
-6.17261	425557564799.99750
-6.16439	424748519999.99750
-6.15617	423130430399.99750
-6.14795	422321385599.99744
-6.13972	420703295999.99750
-6.13150	419085206399.99756
-6.12328	378632966399.99774
-6.11506	373778697599.99780
-6.10684	373374175199.99780
-6.09861	371351563199.99774
-6.09039	370542518399.99780
-6.08217	368924428799.99780
-6.07395	368924428799.99780
-6.06573	366497294399.99780
-6.05750	366497294399.99780
-6.04928	365283727199.99786
-6.04106	363261115199.99786
-6.03284	363665637599.99786
-6.02462	362047547999.99786
-6.01639	360429458399.99786
-6.00817	360429458399.99786
-5.99995	358406846399.99786
-5.99173	358811368799.99786
-5.98351	357597801599.99786
-5.97528	356384234399.99786
-5.96706	354361622399.99792
-5.95884	354361622399.99792
-5.95062	354361622399.99792
-5.94240	351934487999.99792
-5.93417	351934487999.99792
-5.92595	349911875999.99792
-5.91773	351125443199.99786
-5.90951	348293786399.99792
-5.90128	348698308799.99792
-5.89306	347484741599.99792
-5.88484	345866651999.99799
-5.87662	345866651999.99799
-5.86840	345057607199.99799
-5.86017	343844039999.99799
-5.85195	2509252447199.98540
-5.84373	1665823243199.99020
-5.83551	1288403843999.99240
-5.82729	1117290868799.99340
-5.81907	1015351223999.99400
-5.81084	945773371199.99426
-5.80262	892376414399.99475
-5.79440	852733219199.99500
-5.78618	818753337599.99512
-5.77796	791245814399.99536
-5.76973	766569947999.99548
-5.76151	747557395199.99561
-5.75329	729353887199.99573
-5.74507	713172991199.99573
-5.73685	699823751999.99585
-5.72862	685665467999.99597
-5.72040	674338840799.99597
-5.71218	663821258399.99609
-5.70396	654112720799.99609
-5.69574	643999660799.99622
-5.68751	636313735199.99622
-5.67929	628627809599.99634
-5.67107	621750928799.99634
-5.66285	614065003199.99634
-5.65463	608806211999.99646
-5.64640	600311241599.99646
-5.63818	595456972799.99646
-5.62996	590602703999.99658
-5.62174	584939390399.99658
-5.61351	580085121599.99658
-5.60529	575230852799.99658
-5.59707	571590151199.99658
-5.58885	565522315199.99670
-5.58063	562286135999.99670
-5.57240	558645434399.99670
-5.56418	553791165599.99670
-5.55596	550150463999.99670
-5.54774	548127851999.99670
-5.53952	542464538399.99683
-5.53130	540037403999.99683
-5.52307	536801224799.99683
-5.51485	534374090399.99683
-5.50663	531137911199.99689
-5.49841	527092687199.99689
-5.49019	525474597599.99689
-5.48196	521833895999.99695
-5.47374	519811283999.99695
-5.46552	517788671999.99695
-5.45730	514147970399.99695
-5.44908	511316313599.99701
-5.44085	510102746399.99701
-5.43263	508080134399.99695
-5.42441	504034910399.99701
-5.41619	503225865599.99695
-5.40797	500798731199.99707
-5.39974	497562551999.99707
-5.39152	497562551999.99707
-5.38330	493517327999.99707
-5.37508	493517327999.99707
-5.36686	489472103999.99713
-5.35863	488258536799.99707
-5.35041	487044969599.99713
-5.34219	486235924799.99713
-5.33397	481786178399.99719
-5.32575	482190700799.99713
-5.31752	480168088799.99719
-5.30930	478549999199.99719
-5.30108	476527387199.99719
-5.29286	475313819999.99719
-5.28463	472077640799.99719
-5.27641	472077640799.99719
-5.26819	470864073599.99725
-5.25997	469650506399.99725
-5.25175	466414327199.99725
-5.24353	465605282399.99725
-5.23530	464796237599.99725
-5.22708	463582670399.99725
-5.21886	461560058399.99725
-5.21064	461560058399.99725
-5.20242	458323879199.99731
-5.19419	457514834399.99725
-5.18597	457110311999.99731
-5.17775	455087699999.99731
-5.16953	454683177599.99731
-5.16131	452660565599.99725
-5.15308	452660565599.99725
-5.14486	449019863999.99738
-5.13664	449828908799.99738
-5.12842	449424386399.99738
-5.12020	446592729599.99738
-5.11197	446592729599.99738
-5.10375	444570117599.99738
-5.09553	443356550399.99738
-5.08731	442547505599.99731
-5.07909	442547505599.99731
-5.07086	440524893599.99738
-5.06264	440120371199.99744
-5.05442	438502281599.99744
-5.04620	437693236799.99738
-5.03798	437693236799.99738
-5.02975	436075147199.99744
-5.02153	434457057599.99744
-5.01331	434457057599.99744
-5.00509	433648012799.99744
-4.99686	432029923199.99738
-4.98864	430007311199.99750
-4.98042	431220878399.99744
-4.97220	428793743999.99750
-4.96398	429602788799.99750
-4.95575	427984699199.99750
-4.94753	427175654399.99744
-4.93931	425962087199.99750
-4.93109	426366609599.99750
-4.92287	424748519999.99750
-4.91465	422725907999.99750
-4.90642	423130430399.99750
-4.89820	422321385599.99744
-4.88998	421916863199.99744
-4.88176	421512340799.99750
-4.87354	420703295999.99750
-4.86531	418680683999.99756
-4.85709	418276161599.99756
-4.84887	417871639199.99756
-4.84065	416658071999.99756
-4.83243	416658071999.99756
-4.82420	416253549599.99756
-4.81598	415039982399.99756
-4.80776	413826415199.99756
-4.79954	413421892799.99756
-4.79132	413017370399.99756
-4.78309	412612847999.99756
-4.77487	412208325599.99750
-4.76665	410994758399.99756
-4.75843	410590235999.99756
-4.75021	410185713599.99756
-4.74198	408972146399.99762
-4.73376	409376668799.99756
-4.72554	406545011999.99762
-4.71732	408567623999.99762
-4.70909	407354056799.99756
-4.70087	405331444799.99762
-4.69265	406545011999.99762
-4.68443	2248335499199.98680
-4.67621	2167431019199.98730
-4.66798	1552961493599.99100
-4.65976	1323597292799.99220
-4.65154	1195363691999.99290
-4.64332	1108391375999.99340
-4.63510	1044072314399.99390
-4.62688	995125103999.99414
-4.61865	956290953599.99426
-4.61043	924333683999.99451
-4.60221	894803548799.99463
-4.59399	872959339199.99487
-4.58577	850710607199.99500
-4.57754	833316143999.99512
-4.56932	817135247999.99524
-4.56110	802976963999.99524
-4.55288	788818679999.99536
-4.54466	776683007999.99548
-4.53643	765356380799.99548
-4.52821	756456887999.99548
-4.51999	745939305599.99561
-4.51177	738253379999.99561
-4.50355	728140319999.99573
-4.49532	722477006399.99561
-4.48710	713577513599.99573
-4.47888	709532289599.99585
-4.47066	701441841599.99585
-4.46244	694969483199.99585
-4.45421	690115214399.99597
-4.44599	683238333599.99585
-4.43777	678788587199.99597
-4.42955	674743363199.99597
-4.42132	669080049599.99609
-4.41310	664225780799.99609
-4.40488	660585079199.99609
-4.39666	655326287999.99609
-4.38844	653303675999.99609
-4.38021	648853929599.99622
-4.37199	643190615999.99622
-4.36377	641977048799.99622
-4.35555	638740869599.99622
-4.34733	634291123199.99622
-4.33911	632268511199.99622
-4.33088	628223287199.99634
-4.32266	624582585599.99634
-4.31444	622559973599.99634
-4.30622	620132839199.99634
-4.29800	616087615199.99634
-4.28977	614469525599.99634
-4.28155	612042391199.99634
-4.27333	609615256799.99646
-4.26511	609210734399.99646
-4.25689	603951943199.99646
-4.24866	602333853599.99646
-4.24044	600311241599.99646
-4.23222	598288629599.99646
-4.22400	597075062399.99646
-4.21577	592625315999.99646
-4.20755	592220793599.99646
-4.19933	590602703999.99658
-4.19111	587771047199.99658
-4.18289	587366524799.99658
-4.17467	584130345599.99658
-4.16644	583321300799.99658
-4.15822	581703211199.99658
-4.15000	579680599199.99658
-4.14178	578467031999.99658
-4.13356	576039897599.99658
-4.12533	575635375199.99658
-4.11711	571994673599.99658
-4.10889	573208240799.99658
-4.10067	569972061599.99658
-4.09245	568353971999.99658
-4.08422	569163016799.99658
-4.07600	565117792799.99670
-4.06778	565926837599.99670
-4.05956	563499703199.99658
-4.05133	561881613599.99670
-4.04311	560668046399.99670
-4.03489	561072568799.99670
-4.02667	557431867199.99670
-4.01845	558240911999.99670
-4.01023	556622822399.99670
-4.00200	555004732799.99670
-3.99378	555004732799.99670
-3.98556	552577598399.99670
-3.97734	552173075999.99670
-3.96912	550959508799.99670
-3.96089	549745941599.99677
-3.95267	550554986399.99670
-3.94445	546105239999.99677
-3.93623	548127851999.99670
-3.92800	546914284799.99677
-3.91978	544082627999.99677
-3.91156	545700717599.99677
-3.90334	542060015999.99683
-3.89512	543678105599.99670
-3.88690	542869060799.99683
-3.87867	539632881599.99683
-3.87045	540441926399.99683
-3.86223	538823836799.99677
-3.85401	539228359199.99683
-3.84579	538823836799.99677
-3.83756	537610269599.99683
-3.82934	535183135199.99683
-3.82112	535992179999.99683
-3.81290	536396702399.99683
-3.80468	533565045599.99677
-3.79645	533969567999.99683
-3.78823	533160523199.99677
-3.78001	533160523199.99677
-3.77179	530733388799.99689
-3.76356	531137911199.99689
-3.75534	532351478399.99689
-3.74712	529519821599.99689
-3.73890	529519821599.99689
-3.73068	529924343999.99689
-3.72246	527901731999.99683
-3.71423	529115299199.99689
-3.70601	526688164799.99689
-3.69779	526688164799.99689
-3.68957	527901731999.99683
-3.68135	525879119999.99689
-3.67312	525474597599.99689
-3.66490	524665552799.99689
-3.65668	526688164799.99689
-3.64846	523047463199.99683
-3.64024	524261030399.99689
-3.63201	525070075199.99689
-3.62379	523047463199.99683
-3.61557	521833895999.99695
-3.60735	524665552799.99689
-3.59912	522238418399.99695
-3.59090	520215806399.99695
-3.58268	522642940799.99695
-3.57446	521833895999.99695
-3.56624	521024851199.99695
-3.55802	521429373599.99695
-3.54979	520620328799.99695
-3.54157	519811283999.99695
-3.53335	521024851199.99695
-3.52513	519406761599.99695
-3.51691	520620328799.99695
-3.50868	520215806399.99695
-3.50046	520620328799.99695
-3.49224	518597716799.99689
-3.48402	520215806399.99695
-3.47579	517788671999.99695
-3.46757	519406761599.99695
-3.45935	519811283999.99695
-3.45113	519406761599.99695
-3.44291	519406761599.99695
-3.43469	517788671999.99695
-3.42646	519811283999.99695
-3.41824	519002239199.99695
-3.41002	516575104799.99695
-3.40180	3188445556799.98140
-3.39358	3110372733599.98140
-3.38535	2205860647199.98680
-3.37713	1873343234399.98900
-3.36891	1685240318399.99000
-3.36069	1560242896799.99070
-3.35247	1467202744799.99150
-3.34424	1396815847199.99150
-3.33602	1341396278399.99220
-3.32780	1295685247199.99240
-3.31958	1257660141599.99270
-3.31135	1222466692799.99290
-3.30313	1195363691999.99290
-3.29491	1169474258399.99320
-3.28669	1148843615999.99320
-3.27847	1126999406399.99320
-3.27025	1109604943199.99340
-3.26202	1096255703999.99340
-3.25380	1078861240799.99370
-3.24558	1064298434399.99380
-3.23736	1055803463999.99370
-3.22914	1042454224799.99390
-3.22091	1032341164799.99390
-3.21269	1021823582399.99400
-3.20447	1015351223999.99400
-3.19625	1004833641599.99410
-3.18803	997147715999.99414
-3.17980	991079879999.99414
-3.17158	984202999199.99426
-3.16336	978944207999.99426
-3.15514	972876371999.99426
-3.14691	965999491199.99414
-3.13869	962763311999.99438
-3.13047	956290953599.99426
-3.12225	952245729599.99438
-3.11403	949009550399.99438
-3.10581	945773371199.99426
-3.09758	940110057599.99451
-3.08936	938896490399.99451
-3.08114	932828654399.99451
-3.07292	933233176799.99451
-3.06470	929592475199.99451
-3.05647	926356295999.99451
-3.04825	925951773599.99438
-3.04003	920692982399.99463
-3.03181	922311071999.99451
-3.02358	918265847999.99463
-3.01536	919074892799.99463
-3.00714	915838713599.99451
-2.99892	916647758399.99463
-2.99070	913816101599.99463
-2.98248	914625146399.99451
-2.97425	913411579199.99463
-2.96603	914220623999.99463
-2.95781	912198011999.99463
-2.94959	914220623999.99463
-2.94137	913411579199.99463
-2.93314	913816101599.99463
-2.92492	915434191199.99451
-2.91670	915029668799.99451
-2.90848	917861325599.99463
-2.90026	919883937599.99463
-2.89203	920288459999.99463
-2.88381	922311071999.99451
-2.87559	924738206399.99438
-2.86737	928783430399.99451
-2.85914	931210564799.99451
-2.85092	933637699199.99451
-2.84270	940514579999.99451
-2.83448	943750759199.99438
-2.82626	949009550399.99438
-2.81804	957504520799.99438
-2.80981	965190446399.99414
-2.80159	973280894399.99426
-2.79337	984202999199.99426
-2.78515	997552238399.99414
-2.77693	1015351223999.99400
-2.76870	1040836135199.99390
-2.76048	1079265763199.99370
-2.75226	1148843615999.99320
-2.74404	1561051941599.99070
-2.73582	861632711999.99487
-2.72759	866486980799.99487
-2.71937	869723159999.99487
-2.71115	876195518399.99487
-2.70293	881049787199.99475
-2.69470	885095011199.99463
-2.68648	894803548799.99463
-2.67826	902084951999.99463
-2.67004	910175399999.99463
-2.66182	922311071999.99451
-2.65360	932828654399.99451
-2.64537	947391460799.99438
-2.63715	965999491199.99414
-2.62893	987034655999.99414
-2.62071	1016160268799.99390
-2.61249	1055803463999.99370
-2.60426	1112436599999.99340
-2.59604	1215994334399.99290
-2.58782	1489451476799.99120
-2.57960	1530712761599.99100
-2.57137	702250886399.99573
-2.56315	703059931199.99573
-2.55493	702250886399.99573
-2.54671	705487065599.99585
-2.53849	707105155199.99585
-2.53027	707105155199.99585
-2.52204	711150379199.99585
-2.51382	711150379199.99585
-2.50560	712768468799.99573
-2.49738	715195603199.99573
-2.48916	716813692799.99573
-2.48093	719240827199.99573
-2.47271	720858916799.99573
-2.46449	724095095999.99573
-2.45627	727331275199.99573
-2.44805	728140319999.99573
-2.43982	732185543999.99573
-2.43160	734612678399.99573
-2.42338	738657902399.99561
-2.41516	741085036799.99561
-2.40693	745939305599.99561
-2.39871	749175484799.99561
-2.39049	751602619199.99561
-2.38227	757265932799.99548
-2.37405	760502111999.99548
-2.36583	766165425599.99548
-2.35760	771019694399.99548
-2.34938	775873963199.99548
-2.34116	782346321599.99536
-2.33294	787200590399.99536
-2.32472	793672948799.99524
-2.31649	800954351999.99524
-2.30827	809044799999.99524
-2.30005	813899068799.99512
-2.29183	823607606399.99500
-2.28361	832507099199.99512
-2.27538	843024681599.99500
-2.26716	851924174399.99500
-2.25894	863250801599.99487
-2.25072	874577428799.99475
-2.24249	889140235199.99475
-2.23427	903703041599.99463
-2.22605	918265847999.99463
-2.21783	936873878399.99451
-2.20961	954672863999.99438
-2.20139	977326118399.99426
-2.19316	1002406507199.99410
-2.18494	1029104985599.99390
-2.17672	1061466777599.99380
-2.16850	1101109972799.99340
-2.16028	1146416481599.99320
-2.15205	1201431527999.99290
-2.14383	1273436515199.99240
-2.13561	1372949025599.99190
-2.12739	1522622313599.99100
-2.11916	1861612084799.98900
-2.11094	1961124595199.98850
-2.10272	1345441502399.99220
-2.09450	1608381062399.99020
-2.08628	2331667113599.98630
-2.07806	2306586724799.98630
-2.06983	273457142399.99838
-2.06161	274266187199.99835
-2.05339	275075231999.99835
-2.04517	275075231999.99835
-2.03695	274266187199.99835
-2.02872	274266187199.99835
-2.02050	275884276799.99835
-2.01228	275075231999.99835
-2.00406	275884276799.99835
-1.99584	275884276799.99835
-1.98761	275884276799.99835
-1.97939	276693321599.99835
-1.97117	275884276799.99835
-1.96295	276693321599.99835
-1.95472	278311411199.99835
-1.94650	276693321599.99835
-1.93828	277502366399.99835
-1.93006	279120455999.99835
-1.92184	278311411199.99835
-1.91362	279120455999.99835
-1.90539	278311411199.99835
-1.89717	279929500799.99835
-1.88895	279929500799.99835
-1.88073	279929500799.99835
-1.87251	280738545599.99835
-1.86428	281547590399.99835
-1.85606	281547590399.99835
-1.84784	281547590399.99835
-1.83962	282356635199.99835
-1.83140	283974724799.99835
-1.82317	283165679999.99835
-1.81495	283974724799.99835
-1.80673	284783769599.99835
-1.79851	284783769599.99835
-1.79028	285592814399.99829
-1.78206	286401859199.99829
-1.77384	287210903999.99829
-1.76562	288019948799.99829
-1.75740	288019948799.99829
-1.74918	288828993599.99829
-1.74095	290447083199.99829
-1.73273	290447083199.99829
-1.72451	292065172799.99829
-1.71629	291256127999.99829
-1.70807	293683262399.99829
-1.69984	294492307199.99829
-1.69162	295301351999.99829
-1.68340	295301351999.99829
-1.67518	297728486399.99823
-1.66695	298537531199.99823
-1.65873	299346575999.99823
-1.65051	299346575999.99823
-1.64229	302582755199.99823
-1.63407	304200844799.99823
-1.62585	303391799999.99823
-1.61762	306627979199.99817
-1.60940	308246068799.99817
-1.60118	308246068799.99817
-1.59296	311482247999.99817
-1.58474	313100337599.99817
-1.57651	314718427199.99817
-1.56829	316336516799.99811
-1.56007	319572695999.99811
-1.55185	321999830399.99811
-1.54363	323617919999.99811
-1.53540	327663143999.99805
-1.52718	328472188799.99805
-1.51896	333326457599.99805
-1.51074	336562636799.99805
-1.50251	339798815999.99799
-1.49429	344653084799.99799
-1.48607	348698308799.99792
-1.47785	352743532799.99792
-1.46963	360024935999.99786
-1.46141	364879204799.99786
-1.45318	372969652799.99780
-1.44496	380251055999.99774
-1.43674	390768638399.99768
-1.42852	400477175999.99762
-1.42030	415849027199.99756
-1.41207	432029923199.99738
-1.40385	452256043199.99725
-1.39563	482999745599.99707
-1.38741	524261030399.99689
-1.37918	596266017599.99646
-1.37096	756456887999.99548
-1.36274	1093019524799.99350
-1.35452	194170751999.99887
-1.34630	194170751999.99887
-1.33807	194979796799.99884
-1.32985	195788841599.99881
-1.32163	194979796799.99884
-1.31341	195788841599.99881
-1.30519	196597886399.99884
-1.29697	196597886399.99884
-1.28874	196597886399.99884
-1.28052	198215975999.99884
-1.27230	198215975999.99884
-1.26408	198215975999.99884
-1.25586	199025020799.99884
-1.24763	199834065599.99881
-1.23941	199025020799.99884
-1.23119	200643110399.99881
-1.22297	201452155199.99881
-1.21474	202261199999.99881
-1.20652	202261199999.99881
-1.19830	203070244799.99881
-1.19008	203879289599.99881
-1.18186	203879289599.99881
-1.17364	204688334399.99878
-1.16541	206306423999.99878
-1.15719	206306423999.99878
-1.14897	207924513599.99878
-1.14075	208733558399.99875
-1.13253	209542603199.99878
-1.12430	209542603199.99878
-1.11608	211160692799.99872
-1.10786	212778782399.99875
-1.09964	212778782399.99875
-1.09142	214396871999.99875
-1.08319	215205916799.99872
-1.07497	216824006399.99872
-1.06675	218442095999.99872
-1.05853	219251140799.99872
-1.05030	221678275199.99869
-1.04208	222487319999.99869
-1.03386	224105409599.99869
-1.02564	226532543999.99866
-1.01742	227341588799.99866
-1.00920	230577767999.99863
-1.00097	232195857599.99863
-0.99275	233813947199.99860
-0.98453	237050126399.99860
-0.97631	239477260799.99860
-0.96809	241904395199.99857
-0.95986	245949619199.99857
-0.95164	247567708799.99854
-0.94342	252421977599.99850
-0.93520	256467201599.99844
-0.92697	260512425599.99847
-0.91875	265366694399.99844
-0.91053	271030007999.99841
-0.90231	276693321599.99835
-0.89409	283974724799.99835
-0.88586	291256127999.99829
-0.87764	300155620799.99823
-0.86942	311482247999.99817
-0.86120	322808875199.99811
-0.85298	339798815999.99799
-0.84476	357597801599.99786
-0.83653	384296279999.99774
-0.82831	418276161599.99756
-0.82009	471673118399.99719
-0.81187	564713270399.99670
-0.80365	822798561599.99512
-0.79542	825225695999.99512
-0.78720	82522569599.99951
-0.77898	83331614399.99951
-0.77076	83331614399.99951
-0.76253	83331614399.99951
-0.75431	84140659199.99951
-0.74609	84140659199.99951
-0.73787	84949703999.99950
-0.72965	84949703999.99950
-0.72142	84949703999.99950
-0.71320	85758748799.99950
-0.70498	85758748799.99950
-0.69676	85758748799.99950
-0.68854	86567793599.99948
-0.68032	87376838399.99948
-0.67209	87376838399.99948
-0.66387	88185883199.99948
-0.65565	88994927999.99948
-0.64743	88994927999.99948
-0.63921	88994927999.99948
-0.63098	90613017599.99947
-0.62276	90613017599.99947
-0.61454	91422062399.99947
-0.60632	93040151999.99945
-0.59809	93040151999.99945
-0.58987	93849196799.99945
-0.58165	94658241599.99944
-0.57343	95467286399.99942
-0.56521	97085375999.99944
-0.55699	97894420799.99941
-0.54876	98703465599.99942
-0.54054	100321555199.99940
-0.53232	101939644799.99940
-0.52410	103557734399.99939
-0.51588	105175823999.99937
-0.50765	106793913599.99936
-0.49943	109221047999.99936
-0.49121	111648182399.99934
-0.48299	114075316799.99933
-0.47476	117311495999.99931
-0.46654	121356719999.99928
-0.45832	124592899199.99925
-0.45010	129447167999.99924
-0.44188	135919526399.99918
-0.43365	142391884799.99918
-0.42543	150482332799.99911
-0.41721	162618004799.99905
-0.40899	176371766399.99896
-0.40077	199025020799.99884
-0.39255	233813947199.99860
-0.38432	305818934399.99817
-0.37610	650472019199.99622
-0.36788	0.00000
-0.35966	0.00000
-0.35144	0.00000
-0.34321	0.00000
-0.33499	0.00000
-0.32677	0.00000
-0.31855	0.00000
-0.31032	0.00000
-0.30210	0.00000
-0.29388	0.00000
-0.28566	0.00000
-0.27744	0.00000
-0.26921	0.00000
-0.26099	0.00000
-0.25277	0.00000
-0.24455	0.00000
-0.23633	0.00000
-0.22811	0.00000
-0.21988	0.00000
-0.21166	0.00000
-0.20344	0.00000
-0.19522	0.00000
-0.18699	0.00000
-0.17877	0.00000
-0.17055	0.00000
-0.16233	0.00000
-0.15411	0.00000
-0.14588	0.00000
-0.13766	0.00000
-0.12944	0.00000
-0.12122	0.00000
-0.11300	0.00000
-0.10478	0.00000
-0.09655	0.00000
-0.08833	0.00000
-0.08011	0.00000
-0.07189	0.00000
-0.06367	0.00000
-0.05544	0.00000
-0.04722	0.00000
-0.03900	0.00000
-0.03078	0.00000
-0.02256	0.00000
-0.01433	0.00000
-0.00611	0.00000
0.002111	0.000000
0.010333	0.000000
0.018555	0.000000
0.026777	0.000000
0.034999	0.000000
0.043221	0.000000
0.051443	0.000000
0.059665	0.000000
0.067887	0.000000
0.076109	0.000000
0.084331	0.000000
0.092553	0.000000
0.100775	0.000000
0.108997	0.000000
0.117219	0.000000
0.125441	0.000000
0.133663	0.000000
0.141885	0.000000
0.150107	0.000000
0.158329	0.000000
0.166551	0.000000
0.174773	0.000000
0.182995	0.000000
0.191217	0.000000
0.199439	0.000000
0.207661	0.000000
0.215883	0.000000
0.224105	0.000000
0.232327	0.000000
0.240549	0.000000
0.248771	0.000000
0.256993	0.000000
0.265215	0.000000
0.273437	0.000000
0.281659	0.000000
0.289881	0.000000
0.298103	0.000000
0.306325	0.000000
0.314547	0.000000
0.322769	0.000000
0.330991	0.000000
0.339213	0.000000
0.347435	0.000000
0.355657	0.000000
0.363879	0.000000
0.372101	432838967999.997440
0.380323	388341503999.997740
0.388545	260512425599.998470
0.396767	213587827199.998720
0.404989	186889348799.998900
0.413211	168281318399.999020
0.421433	156145646399.999080
0.429655	146437108799.999150
0.437877	138346660799.999180
0.446099	132683347199.999220
0.454321	127020033599.999240
0.462543	122974809599.999280
0.470765	118929585599.999300
0.478987	115693406399.999300
0.487209	112457227199.999340
0.495431	110839137599.999340
0.503653	107602958399.999360
0.511875	105984868799.999370
0.520097	104366779199.999370
0.528319	102748689599.999390
0.536541	101130599999.999400
0.544763	99512510399.999420
0.552985	98703465599.999420
0.561207	97085375999.999435
0.569429	96276331199.999435
0.577651	95467286399.999420
0.585873	93849196799.999451
0.594095	93849196799.999451
0.602317	92231107199.999451
0.610539	92231107199.999451
0.618761	90613017599.999466
0.626983	90613017599.999466
0.635205	89803972799.999466
0.643427	89803972799.999466
0.651649	88994927999.999481
0.659871	88185883199.999481
0.668093	87376838399.999481
0.676315	87376838399.999481
0.684537	87376838399.999481
0.692759	85758748799.999496
0.700981	86567793599.999481
0.709203	85758748799.999496
0.717425	84949703999.999496
0.725647	84949703999.999496
0.733869	84949703999.999496
0.742091	84140659199.999512
0.750313	84140659199.999512
0.758535	84140659199.999512
0.766757	83331614399.999512
0.774979	83331614399.999512
0.783201	83331614399.999512
0.791423	82522569599.999512
0.799645	1262918932799.992700
0.807867	648044884799.996220
0.816089	508889179199.997010
0.824311	441738460799.997380
0.832533	398859086399.997680
0.840755	369733473599.997800
0.848977	347889263999.997920
0.857199	331708367999.998050
0.865421	316336516799.998110
0.873643	305009889599.998230
0.881865	296110396799.998230
0.890087	286401859199.998290
0.898309	280738545599.998350
0.906531	273457142399.998380
0.914753	267793828799.998410
0.922975	262939559999.998440
0.931197	258085291199.998470
0.939419	254849111999.998500
0.947641	249185798399.998500
0.955863	247567708799.998540
0.964085	243522484799.998570
0.972307	240286305599.998600
0.980529	237859171199.998600
0.988751	236241081599.998570
0.996973	233004902399.998630
1.005195	231386812799.998600
1.013417	228959678399.998630
1.021639	226532543999.998660
1.029861	225723499199.998660
1.038083	222487319999.998690
1.046305	221678275199.998690
1.054527	220869230399.998690
1.062749	219251140799.998720
1.070971	217633051199.998720
1.079193	216014961599.998690
1.087415	215205916799.998720
1.095637	212778782399.998750
1.103859	212778782399.998750
1.112081	211969737599.998750
1.120303	210351647999.998750
1.128525	210351647999.998750
1.136747	208733558399.998750
1.144969	207924513599.998780
1.153191	206306423999.998780
1.161413	207115468799.998780
1.169635	205497379199.998780
1.177857	203879289599.998810
1.186079	203879289599.998810
1.194301	203879289599.998810
1.202523	203070244799.998810
1.210745	202261199999.998810
1.218967	200643110399.998810
1.227189	201452155199.998810
1.235411	199834065599.998810
1.243633	199834065599.998810
1.251855	199834065599.998810
1.260077	199025020799.998840
1.268299	197406931199.998840
1.276521	197406931199.998840
1.284743	198215975999.998840
1.292965	196597886399.998840
1.301187	195788841599.998810
1.309409	196597886399.998840
1.317631	195788841599.998810
1.325853	195788841599.998810
1.334075	194979796799.998840
1.342297	194170751999.998870
1.350519	194979796799.998840
1.358741	597075062399.996460
1.366963	1011305999999.994000
1.375185	652090108799.996220
1.383407	555004732799.996700
1.391629	499989686399.997070
1.399851	466818849599.997250
1.408073	441738460799.997380
1.416295	422321385599.997440
1.424517	407758579199.997620
1.432739	395622907199.997680
1.440961	385105324799.997740
1.449183	375396787199.997800
1.457405	369733473599.997800
1.465627	361643025599.997800
1.473849	356788756799.997860
1.482071	351125443199.997860
1.490293	346271174399.997920
1.498515	341416905599.997920
1.506737	338180726399.997990
1.514959	334135502399.998050
1.523181	331708367999.998050
1.531403	327663143999.998050
1.539625	326045054399.998110
1.547847	321999830399.998110
1.556069	321190785599.998110
1.564291	318763651199.998110
1.572513	314718427199.998170
1.580735	314718427199.998170
1.588957	310673203199.998170
1.597179	310673203199.998170
1.605401	309055113599.998170
1.613623	305818934399.998170
1.621845	305818934399.998170
1.630067	304200844799.998230
1.638289	301773710399.998230
1.646511	302582755199.998230
1.654733	299346575999.998230
1.662955	298537531199.998230
1.671177	297728486399.998230
1.679399	296919441599.998230
1.687621	294492307199.998290
1.695843	295301351999.998290
1.704065	293683262399.998290
1.712287	292874217599.998290
1.720509	292065172799.998290
1.728731	291256127999.998290
1.736953	289638038399.998290
1.745175	288828993599.998290
1.753397	289638038399.998290
1.761619	288019948799.998290
1.769841	287210903999.998290
1.778063	286401859199.998290
1.786285	286401859199.998290
1.794507	284783769599.998350
1.802729	284783769599.998350
1.810951	284783769599.998350
1.819173	283974724799.998350
1.827395	283165679999.998350
1.835617	283165679999.998350
1.843839	282356635199.998350
1.852061	281547590399.998350
1.860283	281547590399.998350
1.868505	280738545599.998350
1.876727	279929500799.998350
1.884949	281547590399.998350
1.893171	278311411199.998350
1.901393	279929500799.998350
1.909615	279120455999.998350
1.917837	277502366399.998350
1.926059	279120455999.998350
1.934281	278311411199.998350
1.942503	276693321599.998350
1.950725	278311411199.998350
1.958947	276693321599.998350
1.967169	275884276799.998350
1.975391	277502366399.998350
1.983613	276693321599.998350
1.991835	275884276799.998350
2.000057	274266187199.998350
2.008279	275884276799.998350
2.016501	275884276799.998350
2.024723	275075231999.998350
2.032945	275075231999.998350
2.041167	275075231999.998350
2.049389	273457142399.998380
2.057611	274266187199.998350
2.065833	275075231999.998350
2.074055	273457142399.998380
2.082277	3528244372799.979000
2.090499	1840576919999.989300
2.098721	1451426371199.991500
2.106943	1261300843199.992700
2.115165	2357556547199.986300
2.123387	1640742854399.990200
2.131609	1436863564799.991500
2.139831	1316315889599.992200
2.148053	1233793319999.992700
2.156275	1172305915199.993200
2.164497	1121336092799.993400
2.172719	1080883852799.993700
2.180941	1045285881599.993900
2.189163	1014542179199.994000
2.197385	988652745599.994140
2.205607	965190446399.994140
2.213829	944964326399.994260
2.222051	927974385599.994510
2.230273	910175399999.994630
2.238495	895612593599.994630
2.246717	881858831999.994750
2.254939	868914115199.994870
2.263161	857587487999.995000
2.271383	847069905599.995000
2.279605	836552323199.995120
2.287827	828461875199.995120
2.296049	818753337599.995120
2.304271	812280979199.995240
2.312493	804999575999.995240
2.320715	795291038399.995360
2.328937	790436769599.995360
2.337159	786391545599.995360
2.345381	778301097599.995360
2.353603	773446828799.995360
2.361825	767783515199.995480
2.370047	763738291199.995360
2.378269	758074977599.995480
2.386491	754838798399.995610
2.394713	749984529599.995610
2.402935	747557395199.995610
2.411157	743512171199.995480
2.419379	738657902399.995610
2.427601	737039812799.995610
2.435823	733803633599.995610
2.444045	730567454399.995730
2.452267	727331275199.995730
2.460489	725713185599.995730
2.468711	722477006399.995610
2.476933	719240827199.995730
2.485155	719240827199.995730
2.493377	715195603199.995730
2.501599	714386558399.995850
2.509821	712768468799.995730
2.518043	710341334399.995850
2.526265	708723244799.995850
2.534487	707914199999.995850
2.542709	704678020799.995850
2.550931	704678020799.995850
2.559153	703059931199.995730
2.567375	700632796799.995850
2.575597	702250886399.995730
2.583819	1999149700799.988300
2.592041	1304180217599.992400
2.600263	1153697884799.993200
2.608485	1079265763199.993700
2.616707	1035577343999.993900
2.624929	998361283199.994140
2.633151	976517073599.994140
2.641373	956290953599.994260
2.649595	939301012799.994510
2.657817	927165340799.994510
2.666039	916647758399.994630
2.674261	905321131199.994510
2.682483	897230683199.994750
2.690705	889949279999.994750
2.698927	883476921599.994750
2.707149	878622652799.994870
2.715371	871341249599.994870
2.723593	868914115199.994870
2.731815	864868891199.994750
2.740037	1360408831199.991900
2.748259	1222871215199.992700
2.756481	1105559719199.993400
2.764703	1056207986399.993700
2.772925	1027891418399.993900
2.781147	1005642686399.993900
2.789369	990675357599.994140
2.797591	977326118399.994260
2.805813	969640192799.994260
2.814035	959931655199.994380
2.822257	952650251999.994380
2.830479	947795983199.994380
2.838701	939705535199.994510
2.846923	937682923199.994510
2.855145	933637699199.994510
2.863367	928783430399.994510
2.871589	926760818399.994510
2.879811	925142728799.994380
2.888033	920288459999.994630
2.896255	919074892799.994630
2.904477	918670370399.994630
2.912699	917052280799.994630
2.920921	914625146399.994510
2.929143	914625146399.994510
2.937365	914625146399.994510
2.945587	914220623999.994630
2.953809	911793489599.994630
2.962031	913411579199.994630
2.970253	913007056799.994630
2.978475	914220623999.994630
2.986697	915029668799.994510
2.994919	915434191199.994510
3.003141	916243235999.994630
3.011363	916243235999.994630
3.019585	919479415199.994630
3.027807	921097504799.994630
3.036029	921097504799.994630
3.044251	923929161599.994510
3.052473	925142728799.994380
3.060695	928783430399.994510
3.068917	929996997599.994510
3.077139	934851266399.994380
3.085361	934042221599.994510
3.093583	941728147199.994510
3.101805	942132669599.994510
3.110027	946177893599.994260
3.118249	951436684799.994380
3.126471	955077386399.994260
3.134693	958718087999.994380
3.142915	963976879199.994260
3.151137	969640192799.994260
3.159359	976112551199.994140
3.167581	980966819999.994260
3.175803	987439178399.994140
3.184025	994316059199.994140
3.192247	1002406507199.994100
3.200469	1008878865599.994000
3.208691	1018991925599.994000
3.216913	1027486895999.993900
3.225135	1036790911199.993800
3.233357	1048926583199.993800
3.241579	1060253210399.993800
3.249801	1073197927199.993700
3.258023	1086951688799.993400
3.266245	1100705450399.993400
3.274467	1120122525599.993400
3.282689	1137516988799.993200
3.290911	1158956675999.993200
3.299133	1181609930399.992900
3.307355	1210331020799.992900
3.315577	1240265678399.992700
3.323799	1275459127199.992400
3.332021	1318743023999.992200
3.340243	1367285711999.991900
3.348465	1432818340799.991500
3.356687	1512104731199.991200
3.364909	1617685077599.990200
3.373131	1769785499999.989500
3.381353	2017353208799.988000
3.389575	2519770029599.985400
3.397797	4655243779199.972700
3.406019	519406761599.996950
3.414241	517788671999.996950
3.422463	520215806399.996950
3.430685	519002239199.996950
3.438907	517788671999.996950
3.447129	521024851199.996950
3.455351	517384149599.996950
3.463573	518597716799.996890
3.471795	520620328799.996950
3.480017	518597716799.996890
3.488239	518597716799.996890
3.496461	521429373599.996950
3.504683	519811283999.996950
3.512905	517788671999.996950
3.521127	520215806399.996950
3.529349	521833895999.996950
3.537571	521024851199.996950
3.545793	519811283999.996950
3.554015	521429373599.996950
3.562237	521024851199.996950
3.570459	521429373599.996950
3.578681	521833895999.996950
3.586903	520620328799.996950
3.595125	523451985599.996830
3.603347	523047463199.996830
3.611569	521429373599.996950
3.619791	524261030399.996890
3.628013	522642940799.996950
3.636235	525070075199.996890
3.644457	524261030399.996890
3.652679	525070075199.996890
3.660901	524665552799.996890
3.669123	525474597599.996890
3.677345	526283642399.996890
3.685567	526688164799.996890
3.693789	526688164799.996890
3.702011	527901731999.996830
3.710233	527092687199.996890
3.718455	528306254399.996830
3.726677	528710776799.996830
3.734899	530733388799.996890
3.743121	530328866399.996890
3.751343	530733388799.996890
3.759565	529519821599.996890
3.767787	530733388799.996890
3.776009	533160523199.996770
3.784231	533160523199.996770
3.792453	533969567999.996830
3.800675	533969567999.996830
3.808897	534374090399.996830
3.817119	535587657599.996830
3.825341	535992179999.996830
3.833563	536801224799.996830
3.841785	537205747199.996830
3.850007	540037403999.996830
3.858229	538014791999.996770
3.866451	540846448799.996830
3.874673	540441926399.996830
3.882895	541250971199.996830
3.891117	542060015999.996830
3.899339	544082627999.996770
3.907561	542869060799.996830
3.915783	545700717599.996770
3.924005	544082627999.996770
3.932227	547318807199.996770
3.940449	548127851999.996700
3.948671	549745941599.996770
3.956893	549745941599.996770
3.965115	548532374399.996700
3.973337	553791165599.996700
3.981559	551768553599.996700
3.989781	553386643199.996700
3.998003	554600210399.996700
4.006225	555409255199.996700
4.014447	557431867199.996700
4.022669	559049956799.996580
4.030891	558240911999.996700
4.039113	561881613599.996700
4.047335	559859001599.996700
4.055557	563499703199.996580
4.063779	564308747999.996700
4.072001	565117792799.996700
4.080223	567544927199.996700
4.088445	569163016799.996580
4.096667	569972061599.996580
4.104889	570781106399.996580
4.113111	572803718399.996580
4.121333	573208240799.996580
4.129555	576848942399.996580
4.137777	576848942399.996580
4.145999	578871554399.996580
4.154221	580894166399.996580
4.162443	582512255999.996580
4.170665	582512255999.996580
4.178887	587366524799.996580
4.187109	586557479999.996580
4.195331	589793659199.996580
4.203553	591007226399.996460
4.211775	592220793599.996460
4.219997	597075062399.996460
4.228219	596670539999.996460
4.236441	598288629599.996460
4.244663	601929331199.996460
4.252885	603951943199.996460
4.261107	605570032799.996460
4.269329	607997167199.996460
4.277551	612446913599.996340
4.285773	612042391199.996340
4.293995	616087615199.996340
4.302217	619323794399.996340
4.310439	619728316799.996340
4.318661	624178063199.996340
4.326883	627414242399.996340
4.335105	629841376799.996340
4.343327	632673033599.996220
4.351549	637122779999.996220
4.359771	639549914399.996220
4.367993	642381571199.996220
4.376215	647640362399.996220
4.384437	650472019199.996220
4.392659	654517243199.996090
4.400881	658966989599.996090
4.409103	660989601599.996090
4.417325	667461959999.996090
4.425547	672720751199.996090
4.433769	674743363199.995970
4.441991	682833811199.995850
4.450213	685260945599.995970
4.458435	694160438399.995970
4.466657	699014707199.995850
4.474879	703868975999.995850
4.483101	711150379199.995850
4.491323	717622737599.995730
4.499545	725713185599.995730
4.507767	732994588799.995610
4.515989	742703126399.995480
4.524211	750793574399.995610
4.532433	761715679199.995480
4.540655	770210649599.995480
4.548877	783964411199.995240
4.557099	795291038399.995360
4.565321	809449322399.995240
4.573543	825225695999.995120
4.581765	842215636799.995000
4.589987	862441756799.994870
4.598209	883072399199.994750
4.606431	910984444799.994630
4.614653	938896490399.994510
4.622875	974898983999.994260
4.631097	1018587403199.994000
4.639319	1074816016799.993700
4.647541	1149652660799.993200
4.655763	1253614917599.992700
4.663985	1423109803199.991700
4.672207	1766953843199.989500
4.680429	3247101304799.980500
4.688651	404522399999.997620
4.696873	406545011999.997620
4.705095	407758579199.997620
4.713317	405735967199.997620
4.721539	408567623999.997620
4.729761	408163101599.997620
4.737983	409376668799.997560
4.746205	408163101599.997620
4.754427	410994758399.997560
4.762649	410590235999.997560
4.770871	411803803199.997500
4.779093	411399280799.997560
4.787315	412612847999.997560
4.795537	413826415199.997560
4.803759	415039982399.997560
4.811981	413826415199.997560
4.820203	415849027199.997560
4.828425	415039982399.997560
4.836647	417062594399.997500
4.844869	417467116799.997500
4.853091	418680683999.997560
4.861313	419085206399.997560
4.869535	420298773599.997500
4.877757	419894251199.997500
4.885979	421512340799.997500
4.894201	421107818399.997500
4.902423	422321385599.997440
4.910645	423939475199.997500
4.918867	424343997599.997500
4.927089	425557564799.997500
4.935311	426366609599.997500
4.943533	426366609599.997500
4.951755	426771131999.997500
4.959977	429602788799.997500
4.968199	427984699199.997500
4.976421	430411833599.997440
4.984643	430411833599.997440
4.992865	432838967999.997440
5.001087	432838967999.997440
5.009309	432434445599.997380
5.017531	435266102399.997440
5.025753	435266102399.997440
5.033975	436884191999.997440
5.042197	438097759199.997440
5.050419	437693236799.997380
5.058641	439311326399.997440
5.066863	440120371199.997440
5.075085	441738460799.997380
5.083307	442547505599.997310
5.091529	442547505599.997310
5.099751	445379162399.997380
5.107973	444974639999.997380
5.116195	446592729599.997380
5.124417	447806296799.997310
5.132639	448210819199.997380
5.140861	451042475999.997310
5.149083	450637953599.997380
5.157305	452660565599.997250
5.165527	453874132799.997310
5.173749	455087699999.997310
5.181971	455492222399.997310
5.190193	457514834399.997250
5.198415	459132923999.997310
5.206637	459132923999.997310
5.214859	461155535999.997250
5.223081	462369103199.997190
5.231303	463987192799.997250
5.239525	465605282399.997250
5.247747	466414327199.997250
5.255969	468841461599.997250
5.264191	468841461599.997250
5.272413	471268595999.997250
5.280635	472482163199.997130
5.288857	474504775199.997190
5.297079	475313819999.997190
5.305301	478145476799.997130
5.313523	478549999199.997190
5.321745	480977133599.997190
5.329967	481381655999.997190
5.338189	485022357599.997130
5.346411	486235924799.997130
5.354633	487854014399.997070
5.362855	489472103999.997130
5.371077	490685671199.997130
5.379299	495135417599.997070
5.387521	494326372799.997070
5.395743	498371596799.997010
5.403965	499180641599.997070
5.412187	501607775999.997070
5.420409	504034910399.997010
5.428631	506057522399.997010
5.436853	508080134399.996950
5.445075	510507268799.997010
5.453297	514957015199.996950
5.461519	514552492799.996950
5.469741	518193194399.996890
5.477963	521024851199.996950
5.486185	523856507999.996890
5.494407	526283642399.996890
5.502629	530328866399.996890
5.510851	531946955999.996890
5.519073	535183135199.996830
5.527295	538419314399.996770
5.535517	542464538399.996830
5.543739	544082627999.996770
5.551961	548127851999.996700
5.560183	554195687999.996700
5.568405	556218299999.996700
5.576627	561477091199.996700
5.584849	562690658399.996700
5.593071	568758494399.996580
5.601293	572803718399.996580
5.609515	577253464799.996580
5.617737	583321300799.996580
5.625959	587366524799.996580
5.634181	592220793599.996460
5.642403	600715763999.996460
5.650625	602738375999.996460
5.658847	611637868799.996340
5.667069	617705704799.996340
5.675291	624582585599.996340
5.683513	632268511199.996220
5.691735	640763481599.996220
5.699957	649258451999.996220
5.708179	658966989599.996090
5.716401	670293616799.996090
5.724623	679193109599.995970
5.732845	692946871199.995850
5.741067	706296110399.995850
5.749289	722072483999.995730
5.757511	736635290399.995610
5.765733	758074977599.995480
5.773955	779110142399.995360
5.782177	805404098399.995240
5.790399	833316143999.995120
5.798621	872959339199.994870
5.806843	919074892799.994630
5.815065	977326118399.994260
5.823287	1063084867199.993800
5.831509	1192936557599.992900
5.839731	1432818340799.991500
5.847953	2308609336799.986300
5.856175	1264537022399.992400
5.864397	345057607199.997990
5.872619	345057607199.997990
5.880841	345866651999.997990
5.889063	346675696799.997860
5.897285	348698308799.997920
5.905507	348293786399.997920
5.913729	349102831199.997920
5.921951	350316398399.997920
5.930173	351934487999.997920
5.938395	350720920799.997920
5.946617	353552577599.997920
5.954839	354361622399.997920
5.963061	354361622399.997920
5.971283	355575189599.997920
5.979505	357597801599.997860
5.987727	358002323999.997860
5.995949	358406846399.997860
6.004171	359620413599.997860
6.012393	360429458399.997860
6.020615	361238503199.997800
6.028837	362856592799.997860
6.037059	363261115199.997860
6.045281	364474682399.997860
6.053503	365688249599.997860
6.061725	366092771999.997860
6.069947	367306339199.997860
6.078169	369733473599.997800
6.086391	369733473599.997800
6.094613	371351563199.997740
6.102835	371756085599.997740
6.111057	372969652799.997800
6.119279	374992264799.997800
6.127501	401690743199.997560
6.135723	419894251199.997500
6.143945	421512340799.997500
6.152167	423130430399.997500
6.160389	423130430399.997500
6.168611	425557564799.997500
6.176833	427175654399.997440
6.185055	427984699199.997500
6.193277	428793743999.997500
6.201499	432029923199.997380
6.209721	432029923199.997380
6.217943	433648012799.997440
6.226165	435266102399.997440
6.234387	437693236799.997380
6.242609	438502281599.997440
6.250831	440120371199.997440
6.259053	440929415999.997380
6.267275	442547505599.997310
6.275497	444974639999.997380
6.283719	447401774399.997310
6.291941	448210819199.997380
6.300163	450637953599.997380
6.308385	451446998399.997310
6.316607	453065087999.997310
6.324829	455492222399.997310
6.333051	457919356799.997250
6.341273	459537446399.997310
6.349495	460346491199.997310
6.357717	463582670399.997250
6.365939	466009804799.997250
6.374161	466818849599.997250
6.382383	469245983999.997250
6.390605	470864073599.997250
6.398827	474909297599.997190
6.407049	476527387199.997190
6.415271	478954521599.997190
6.423493	480572611199.997190
6.431715	483808790399.997130
6.439937	485426879999.997130
6.448159	488663059199.997130
6.456381	491090193599.997130
6.464603	494326372799.997070
6.472825	496753507199.997070
6.481047	499180641599.997070
6.489269	502416820799.997070
6.497491	506462044799.997010
6.505713	507271089599.997010
6.513935	512125358399.997010
6.522157	515361537599.996950
6.530379	518597716799.996890
6.538601	523451985599.996830
6.546823	524261030399.996890
6.555045	531542433599.996890
6.563267	533160523199.996770
6.571489	538014791999.996770
6.579711	541250971199.996830
6.587933	547723329599.996770
6.596155	550959508799.996700
6.604377	556622822399.996700
6.612599	560668046399.996700
6.620821	567140404799.996700
6.629043	572803718399.996580
6.637265	576848942399.996580
6.645487	584939390399.996580
6.653709	591411748799.996460
6.661931	597075062399.996460
6.670153	606783599999.996460
6.678375	611637868799.996340
6.686597	622155451199.996340
6.694819	631863988799.996340
6.703041	638336347199.996220
6.711263	652090108799.996220
6.719485	663416735999.996090
6.727707	674743363199.995970
6.735929	690924259199.995970
6.744151	706296110399.995850
6.752373	722477006399.995610
6.760595	743512171199.995480
6.768817	767783515199.995480
6.777039	794481993599.995240
6.785261	829270919999.995120
6.793483	869723159999.994870
6.801705	923120116799.994510
6.809927	995934148799.994020
6.818149	1101919017599.993400
6.826371	1290426455999.992400
6.834593	1780707604799.989500
6.842815	1935235161599.988500
6.851037	345462129599.997990
6.859259	347080219199.997990
6.867481	347080219199.997990
6.875703	350316398399.997920
6.883925	350316398399.997920
6.892147	351125443199.997860
6.900369	354361622399.997920
6.908591	354361622399.997920
6.916813	355979711999.997920
6.925035	358406846399.997860
6.933257	358406846399.997860
6.941479	360024935999.997860
6.949701	362452070399.997860
6.957923	363261115199.997860
6.966145	365688249599.997860
6.974367	366497294399.997800
6.982589	368924428799.997800
6.990811	369733473599.997800
6.999033	371351563199.997740
7.007255	374587742399.997800
7.015477	373778697599.997800
7.023699	377014876799.997740
7.031921	379442011199.997740
7.040143	380251055999.997740
7.048365	381869145599.997680
7.056587	384296279999.997740
7.064809	385914369599.997740
7.073031	388341503999.997740
7.081253	389959593599.997680
7.089475	392386727999.997680
7.097697	394004817599.997680
7.105919	396431951999.997680
7.114141	398859086399.997680
7.122363	400477175999.997620
7.130585	403713355199.997620
7.138807	405331444799.997620
7.147029	406949534399.997560
7.155251	410185713599.997560
7.163473	412612847999.997560
7.171695	415849027199.997560
7.179917	418276161599.997560
7.188139	419894251199.997500
7.196361	423130430399.997500
7.204583	426366609599.997500
7.212805	429602788799.997500
7.221027	431220878399.997440
7.229249	434457057599.997440
7.237471	438502281599.997440
7.245693	441738460799.997380
7.253915	444165595199.997380
7.262137	448210819199.997380
7.270359	451446998399.997310
7.278581	455492222399.997310
7.286803	459537446399.997310
7.295025	462773625599.997190
7.303247	466009804799.997250
7.311469	472482163199.997130
7.319691	475718342399.997190
7.327913	478954521599.997190
7.336135	485426879999.997130
7.344357	489472103999.997130
7.352579	494326372799.997070
7.360801	499989686399.997070
7.369023	505652999999.997010
7.377245	510507268799.997010
7.385467	517788671999.996950
7.393689	523451985599.996830
7.401911	531542433599.996890
7.410133	537205747199.996830
7.418355	545296195199.996770
7.426577	554195687999.996700
7.434799	562286135999.996700
7.443021	570376583999.996580
7.451243	580894166399.996580
7.459465	592220793599.996460
7.467687	604356465599.996460
7.475909	615683092799.996340
7.484131	630245899199.996340
7.492353	645617750399.996220
7.500575	663416735999.996090
7.508797	683642855999.995970
7.517019	705487065599.995850
7.525241	730567454399.995730
7.533463	763738291199.995360
7.541685	801763396799.995240
7.549907	851115129599.995000
7.558129	915838713599.994510
7.566351	1008878865599.994000
7.574573	1160979287999.993200
7.582795	1499160014399.991200
7.591017	2330858068799.986300
7.599239	312291292799.998170
7.607461	315527471999.998170
7.615683	317145561599.998110
7.623905	318763651199.998110
7.632127	322808875199.998110
7.640349	324426964799.998110
7.648571	326854099199.998050
7.656793	330899323199.998050
7.665015	332517412799.998050
7.673237	336562636799.998050
7.681459	338180726399.997990
7.689681	342225950399.997990
7.697903	345462129599.997990
7.706125	348698308799.997920
7.714347	351125443199.997860
7.722569	355979711999.997920
7.730791	358406846399.997860
7.739013	362452070399.997860
7.747235	366497294399.997800
7.755457	370542518399.997800
7.763679	375396787199.997800
7.771901	378632966399.997740
7.780123	383487235199.997740
7.788345	388341503999.997740
7.796567	393195772799.997680
7.804789	397240996799.997620
7.813011	402904310399.997620
7.821233	409376668799.997560
7.829455	414230937599.997560
7.837677	420703295999.997500
7.845899	427175654399.997440
7.854121	433648012799.997440
7.862343	440929415999.997380
7.870565	447401774399.997310
7.878787	456301267199.997310
7.887009	464391715199.997250
7.895231	473291207999.997190
7.903453	482190700799.997130
7.911675	492708283199.997010
7.919897	503225865599.996950
7.928119	515361537599.996950
7.936341	529115299199.996890
7.944563	542060015999.996830
7.952785	556622822399.996700
7.961007	575230852799.996580
7.969229	593029838399.996460
7.977451	614874047999.996340
7.985673	639145391999.996220
7.993895	667461959999.996090
8.002117	701441841599.995850
8.010339	741894081599.995610
8.018561	792863903999.995360
8.026783	860014622399.995000
8.035005	956290953599.994260
8.043227	1112436599999.993400
8.051449	1457898729599.991500
8.059671	2231345558399.986800
8.067893	286401859199.998290
8.076115	293683262399.998290
8.084337	302582755199.998230
8.092559	312291292799.998170
8.100781	322808875199.998110
8.109003	334135502399.998050
8.117225	347080219199.997990
8.125447	362452070399.997860
8.133669	378632966399.997740
8.141891	397240996799.997620
8.150113	420703295999.997500
8.158335	448210819199.997380
8.166557	480572611199.997190
8.174779	522642940799.996950
8.183001	577657987199.996580
8.191223	655326287999.996090
8.199445	777492052799.995360
8.207667	1012924089599.994000
8.215889	2443315295999.985800

