E,DoS
-8.21989,1750772947199.98950
-8.21167,1255637529599.99270
-8.20345,868914115199.99487
-8.19522,706296110399.99585
-8.18700,612446913599.99634
-8.17878,546914284799.99677
-8.17056,499989686399.99707
-8.16234,462773625599.99719
-8.15411,432838967999.99744
-8.14589,408567623999.99762
-8.13767,387532459199.99774
-8.12945,369733473599.99780
-8.12123,354361622399.99792
-8.11300,340607860799.99799
-8.10478,328472188799.99805
-8.09656,317145561599.99811
-8.08834,306627979199.99817
-8.08012,298537531199.99823
-8.07189,289638038399.99829
-8.06367,282356635199.99835
-8.05545,275075231999.99835
-8.04723,268602873599.99841
-8.03900,262939559999.99844
-8.03078,256467201599.99844
-8.02256,251612932799.99847
-8.01434,246758663999.99854
-8.00612,241904395199.99857
-7.99789,2004003969599.98830
-7.98967,1496732879999.99120
-7.98145,1103537107199.99340
-7.97323,936873878399.99451
-7.96501,838170412799.99512
-7.95679,769401604799.99548
-7.94856,718431782399.99573
-7.94034,678788587199.99597
-7.93212,644808705599.99622
-7.92390,617301182399.99634
-7.91568,594647927999.99646
-7.90745,573612763199.99658
-7.89923,555004732799.99670
-7.89101,538823836799.99677
-7.88279,524261030399.99689
-7.87457,511316313599.99701
-7.86634,498371596799.99701
-7.85812,487854014399.99707
-7.84990,477336431999.99719
-7.84168,466818849599.99725
-7.83345,457919356799.99725
-7.82523,450637953599.99738
-7.81701,441738460799.99738
-7.80879,435266102399.99744
-7.80057,427984699199.99750
-7.79235,420703295999.99750
-7.78412,415039982399.99756
-7.77590,409376668799.99756
-7.76768,402904310399.99762
-7.75946,398050041599.99768
-7.75124,392386727999.99768
-7.74301,388341503999.99774
-7.73479,382678190399.99774
-7.72657,377823921599.99780
-7.71835,373778697599.99780
-7.71013,369733473599.99780
-7.70190,365688249599.99786
-7.69368,361643025599.99780
-7.68546,357597801599.99786
-7.67724,354361622399.99792
-7.66901,351125443199.99786
-7.66079,347080219199.99799
-7.65257,344653084799.99799
-7.64435,339798815999.99799
-7.63613,337371681599.99799
-7.62791,334944547199.99805
-7.61968,331708367999.99805
-7.61146,329281233599.99805
-7.60324,326045054399.99811
-7.59502,323617919999.99811
-7.58680,321190785599.99811
-7.57857,317954606399.99811
-7.57035,315527471999.99817
-7.56213,313909382399.99817
-7.55391,311482247999.99817
-7.54569,308246068799.99817
-7.53746,307437023999.99817
-7.52924,303391799999.99823
-7.52102,302582755199.99823
-7.51280,300155620799.99823
-7.50458,297728486399.99823
-7.49635,296110396799.99823
-7.48813,294492307199.99829
-7.47991,292065172799.99829
-7.47169,290447083199.99829
-7.46347,289638038399.99829
-7.45524,286401859199.99829
-7.44702,284783769599.99835
-7.43880,283974724799.99835
-7.43058,281547590399.99835
-7.42236,279929500799.99835
-7.41413,278311411199.99835
-7.40591,276693321599.99835
-7.39769,275884276799.99835
-7.38947,273457142399.99838
-7.38124,272648097599.99838
-7.37302,271030007999.99841
-7.36480,269411918399.99838
-7.35658,267793828799.99841
-7.34836,2386682159999.98580
-7.34014,1438481654399.99150
-7.33191,1118099913599.99320
-7.32369,969235670399.99426
-7.31547,877004563199.99487
-7.30725,813090023999.99524
-7.29903,766165425599.99548
-7.29080,728949364799.99573
-7.28258,696587572799.99585
-7.27436,672316228799.99609
-7.26614,649662974399.99622
-7.25792,630245899199.99634
-7.24969,614065003199.99634
-7.24147,598693151999.99646
-7.23325,584939390399.99658
-7.22503,573612763199.99658
-7.21680,562286135999.99670
-7.20858,551768553599.99670
-7.20036,542869060799.99683
-7.19214,533160523199.99677
-7.18392,525879119999.99689
-7.17570,517788671999.99695
-7.16747,510507268799.99701
-7.15925,504034910399.99701
-7.15103,497562551999.99707
-7.14281,492708283199.99701
-7.13459,485426879999.99713
-7.12636,480572611199.99719
-7.11814,475718342399.99719
-7.10992,470055028799.99725
-7.10170,465200759999.99725
-7.09347,461964580799.99725
-7.08525,456301267199.99731
-7.07703,453065087999.99731
-7.06881,449019863999.99738
-7.06059,444165595199.99738
-7.05237,441738460799.99738
-7.04414,436884191999.99744
-7.03592,435266102399.99744
-7.02770,429602788799.99750
-7.01948,427984699199.99750
-7.01126,423130430399.99750
-7.00303,422321385599.99744
-6.99481,417467116799.99750
-6.98659,415849027199.99756
-6.97837,413421892799.99756
-6.97015,409376668799.99756
-6.96192,407758579199.99762
-6.95370,404522399999.99762
-6.94548,401286220799.99762
-6.93726,400477175999.99762
-6.92904,397240996799.99762
-6.92081,395622907199.99768
-6.91259,392386727999.99768
-6.90437,390768638399.99768
-6.89615,388341503999.99774
-6.88793,385914369599.99774
-6.87970,384296279999.99774
-6.87148,383487235199.99774
-6.86326,379442011199.99774
-6.85504,378632966399.99774
-6.84682,376205831999.99780
-6.83859,374587742399.99780
-6.83037,373778697599.99780
-6.82215,370542518399.99780
-6.81393,368924428799.99780
-6.80570,367306339199.99786
-6.79748,365688249599.99786
-6.78926,364070159999.99786
-6.78104,362452070399.99786
-6.77282,361643025599.99780
-6.76459,358406846399.99786
-6.75637,359215891199.99786
-6.74815,355979711999.99792
-6.73993,355170667199.99792
-6.73171,352743532799.99792
-6.72349,351934487999.99792
-6.71526,350316398399.99792
-6.70704,349507353599.99792
-6.69882,347889263999.99792
-6.69060,346271174399.99792
-6.68238,344653084799.99799
-6.67415,344653084799.99799
-6.66593,341416905599.99792
-6.65771,341416905599.99792
-6.64949,339798815999.99799
-6.64127,339798815999.99799
-6.63304,337371681599.99799
-6.62482,335753591999.99805
-6.61660,335753591999.99805
-6.60838,334135502399.99805
-6.60016,332517412799.99805
-6.59193,332517412799.99805
-6.58371,330899323199.99805
-6.57549,328472188799.99805
-6.56727,329281233599.99805
-6.55905,326854099199.99805
-6.55082,326854099199.99805
-6.54260,325236009599.99811
-6.53438,325236009599.99811
-6.52616,322808875199.99811
-6.51794,321999830399.99811
-6.50971,321190785599.99811
-6.50149,321190785599.99811
-6.49327,318763651199.99811
-6.48505,318763651199.99811
-6.47682,317954606399.99811
-6.46860,316336516799.99811
-6.46038,315527471999.99817
-6.45216,315527471999.99817
-6.44394,313100337599.99817
-6.43572,313100337599.99817
-6.42749,312291292799.99817
-6.41927,312291292799.99817
-6.41105,310673203199.99817
-6.40283,309055113599.99817
-6.39461,309055113599.99817
-6.38638,307437023999.99817
-6.37816,307437023999.99817
-6.36994,306627979199.99817
-6.36172,305818934399.99817
-6.35350,304200844799.99823
-6.34527,304200844799.99823
-6.33705,303391799999.99823
-6.32883,2132642092799.98710
-6.32061,1691712676799.99000
-6.31238,1251592305599.99270
-6.30416,1071175315199.99370
-6.29594,966808535999.99426
-6.28772,894803548799.99463
-6.27950,840597547199.99500
-6.27128,800954351999.99524
-6.26305,766974470399.99548
-6.25483,740275991999.99561
-6.24661,716004647999.99573
-6.23839,696587572799.99585
-6.23017,679597631999.99597
-6.22194,661798646399.99609
-6.21372,649662974399.99622
-6.20550,635909212799.99622
-6.19728,624582585599.99634
-6.18905,614065003199.99634
-6.18083,604356465599.99646
-6.17261,596266017599.99646
-6.16439,587366524799.99658
-6.15617,580085121599.99658
-6.14795,572803718399.99658
-6.13972,565522315199.99670
-6.13150,559049956799.99658
-6.12328,513743447999.99695
-6.11506,504843955199.99701
-6.10684,499585163999.99707
-6.09861,494326372799.99707
-6.09039,488663059199.99713
-6.08217,486235924799.99713
-6.07395,479763566399.99719
-6.06573,475718342399.99719
-6.05750,472482163199.99713
-6.04928,468841461599.99725
-6.04106,465200759999.99725
-6.03284,459941968799.99731
-6.02462,457514834399.99725
-6.01639,455087699999.99731
-6.00817,451042475999.99731
-5.99995,447401774399.99731
-5.99173,445379162399.99738
-5.98351,441738460799.99738
-5.97528,440524893599.99738
-5.96706,436075147199.99744
-5.95884,434457057599.99744
-5.95062,430411833599.99744
-5.94240,429602788799.99750
-5.93417,427175654399.99744
-5.92595,425153042399.99750
-5.91773,420703295999.99750
-5.90951,421107818399.99750
-5.90128,417467116799.99750
-5.89306,415444504799.99756
-5.88484,413826415199.99756
-5.87662,411399280799.99756
-5.86840,408163101599.99762
-5.86017,408567623999.99762
-5.85195,404926922399.99762
-5.84373,403713355199.99762
-5.83551,402499787999.99762
-5.82729,399668131199.99762
-5.81907,398859086399.99768
-5.81084,397240996799.99762
-5.80262,394813862399.99768
-5.79440,394004817599.99768
-5.78618,392386727999.99768
-5.77796,390768638399.99768
-5.76973,387936981599.99774
-5.76151,387532459199.99774
-5.75329,386318891999.99774
-5.74507,384700802399.99774
-5.73685,383487235199.99774
-5.72862,382273667999.99774
-5.72040,380655578399.99774
-5.71218,379037488799.99774
-5.70396,377419399199.99780
-5.69574,377014876799.99774
-5.68751,375801309599.99780
-5.67929,372160607999.99780
-5.67107,374183219999.99780
-5.66285,370542518399.99780
-5.65463,370947040799.99780
-5.64640,369733473599.99780
-5.63818,368115383999.99780
-5.62996,366497294399.99780
-5.62174,366497294399.99780
-5.61351,364879204799.99786
-5.60529,364070159999.99786
-5.59707,362047547999.99786
-5.58885,361643025599.99780
-5.58063,361643025599.99780
-5.57240,358002323999.99786
-5.56418,358811368799.99786
-5.55596,359215891199.99786
-5.54774,355575189599.99792
-5.53952,355575189599.99792
-5.53130,354766144799.99792
-5.52307,353957099999.99792
-5.51485,352339010399.99792
-5.50663,353148055199.99792
-5.49841,350720920799.99792
-5.49019,349911875999.99792
-5.48196,349507353599.99792
-5.47374,348293786399.99792
-5.46552,347889263999.99792
-5.45730,346675696799.99786
-5.44908,345462129599.99799
-5.44085,345057607199.99799
-5.43263,345462129599.99799
-5.42441,342225950399.99799
-5.41619,343034995199.99799
-5.40797,341416905599.99792
-5.39974,341416905599.99792
-5.39152,341416905599.99792
-5.38330,339798815999.99799
-5.37508,338989771199.99799
-5.36686,338989771199.99799
-5.35863,336967159199.99799
-5.35041,336562636799.99805
-5.34219,336562636799.99805
-5.33397,335349069599.99805
-5.32575,334944547199.99805
-5.31752,334540024799.99805
-5.30930,332921935199.99805
-5.30108,332517412799.99805
-5.29286,332112890399.99805
-5.28463,331303845599.99805
-5.27641,330494800799.99805
-5.26819,330899323199.99805
-5.25997,329685755999.99805
-5.25175,328876711199.99805
-5.24353,328067666399.99805
-5.23530,327258621599.99805
-5.22708,326854099199.99805
-5.21886,327258621599.99805
-5.21064,325640531999.99811
-5.20242,325640531999.99811
-5.19419,324022442399.99811
-5.18597,324426964799.99811
-5.17775,324022442399.99811
-5.16953,322808875199.99811
-5.16131,322404352799.99811
-5.15308,321595307999.99811
-5.14486,321190785599.99811
-5.13664,321190785599.99811
-5.12842,320786263199.99811
-5.12020,320381740799.99811
-5.11197,318763651199.99811
-5.10375,318359128799.99811
-5.09553,318763651199.99811
-5.08731,317954606399.99811
-5.07909,317145561599.99811
-5.07086,316741039199.99811
-5.06264,316336516799.99811
-5.05442,315527471999.99817
-5.04620,315527471999.99817
-5.03798,315527471999.99817
-5.02975,313909382399.99817
-5.02153,313909382399.99817
-5.01331,3101068718399.98190
-5.00509,1593818255999.99070
-4.99686,1276672694399.99240
-4.98864,1120931570399.99340
-4.98042,1021014537599.99400
-4.97220,952245729599.99438
-4.96398,898039727999.99475
-4.95575,857587487999.99500
-4.94753,823607606399.99500
-4.93931,795695560799.99536
-4.93109,771019694399.99548
-4.92287,749984529599.99561
-4.91465,731781021599.99573
-4.90642,715195603199.99573
-4.89820,700632796799.99585
-4.88998,685665467999.99597
-4.88176,676361452799.99597
-4.87354,664225780799.99609
-4.86531,653303675999.99609
-4.85709,645617750399.99622
-4.84887,636313735199.99622
-4.84065,628627809599.99634
-4.83243,620537361599.99634
-4.82420,614469525599.99634
-4.81598,605974555199.99646
-4.80776,601524808799.99646
-4.79954,594647927999.99646
-4.79132,589389136799.99658
-4.78309,584130345599.99658
-4.77487,578062509599.99658
-4.76665,574421807999.99658
-4.75843,569163016799.99658
-4.75021,565522315199.99670
-4.74198,561881613599.99670
-4.73376,555813777599.99670
-4.72554,553791165599.99670
-4.71732,549341419199.99677
-4.70909,545700717599.99677
-4.70087,542060015999.99683
-4.69265,539228359199.99683
-4.68443,536396702399.99683
-4.67621,532351478399.99689
-4.66798,529519821599.99689
-4.65976,528306254399.99683
-4.65154,523856507999.99689
-4.64332,521833895999.99695
-4.63510,519002239199.99695
-4.62688,515361537599.99695
-4.61865,514552492799.99695
-4.61043,511720835999.99701
-4.60221,509698223999.99701
-4.59399,507271089599.99701
-4.58577,503630387999.99701
-4.57754,504034910399.99701
-4.56932,500798731199.99707
-4.56110,497967074399.99701
-4.55288,497562551999.99707
-4.54466,493517327999.99707
-4.53643,493517327999.99707
-4.52821,491090193599.99713
-4.51999,490281148799.99713
-4.51177,487449491999.99713
-4.50355,486235924799.99713
-4.49532,482999745599.99707
-4.48710,483808790399.99713
-4.47888,480572611199.99719
-4.47066,478954521599.99719
-4.46244,478145476799.99713
-4.45421,476527387199.99719
-4.44599,474504775199.99719
-4.43777,474100252799.99719
-4.42955,472482163199.99713
-4.42132,470864073599.99725
-4.41310,468436939199.99725
-4.40488,468841461599.99725
-4.39666,466818849599.99725
-4.38844,465605282399.99725
-4.38021,465200759999.99725
-4.37199,462773625599.99719
-4.36377,461560058399.99725
-4.35555,461560058399.99725
-4.34733,457919356799.99725
-4.33911,459132923999.99731
-4.33088,458323879199.99731
-4.32266,454683177599.99731
-4.31444,455896744799.99731
-4.30622,455087699999.99731
-4.29800,452660565599.99725
-4.28977,451851520799.99731
-4.28155,451851520799.99731
-4.27333,449424386399.99738
-4.26511,449828908799.99738
-4.25689,449424386399.99738
-4.24866,446188207199.99738
-4.24044,447401774399.99731
-4.23222,445379162399.99738
-4.22400,444974639999.99738
-4.21577,443761072799.99738
-4.20755,442547505599.99731
-4.19933,442547505599.99731
-4.19111,441333938399.99738
-4.18289,440929415999.99738
-4.17467,440120371199.99744
-4.16644,437693236799.99738
-4.15822,439311326399.99744
-4.15000,438097759199.99744
-4.14178,436075147199.99744
-4.13356,436075147199.99744
-4.12533,435670624799.99744
-4.11711,435266102399.99744
-4.10889,433243490399.99744
-4.10067,434052535199.99744
-4.09245,432434445599.99738
-4.08422,433243490399.99744
-4.07600,430816355999.99744
-4.06778,430816355999.99744
-4.05956,429198266399.99750
-4.05133,430007311199.99750
-4.04311,429602788799.99750
-4.03489,427580176799.99744
-4.02667,427984699199.99750
-4.01845,427175654399.99744
-4.01023,427175654399.99744
-4.00200,426366609599.99750
-3.99378,425557564799.99750
-3.98556,425557564799.99750
-3.97734,424343997599.99750
-3.96912,423939475199.99750
-3.96089,423534952799.99750
-3.95267,423534952799.99750
-3.94445,423130430399.99750
-3.93623,421107818399.99750
-3.92800,421512340799.99750
-3.91978,421107818399.99750
-3.91156,420298773599.99750
-3.90334,421512340799.99750
-3.89512,419894251199.99750
-3.88690,419894251199.99750
-3.87867,418276161599.99756
-3.87045,419085206399.99756
-3.86223,417467116799.99750
-3.85401,418680683999.99756
-3.84579,417467116799.99750
-3.83756,417871639199.99756
-3.82934,416253549599.99756
-3.82112,417062594399.99750
-3.81290,416658071999.99756
-3.80468,414635459999.99756
-3.79645,415849027199.99756
-3.78823,416658071999.99756
-3.78001,413421892799.99756
-3.77179,415849027199.99756
-3.76356,413826415199.99756
-3.75534,415039982399.99756
-3.74712,413017370399.99756
-3.73890,413017370399.99756
-3.73068,414230937599.99756
-3.72246,413826415199.99756
-3.71423,411803803199.99750
-3.70601,412612847999.99756
-3.69779,411803803199.99750
-3.68957,413017370399.99756
-3.68135,410994758399.99756
-3.67312,413017370399.99756
-3.66490,410590235999.99756
-3.65668,411803803199.99750
-3.64846,410590235999.99756
-3.64024,411803803199.99750
-3.63201,411803803199.99750
-3.62379,410590235999.99756
-3.61557,409376668799.99756
-3.60735,410590235999.99756
-3.59912,410590235999.99756
-3.59090,410994758399.99756
-3.58268,410185713599.99756
-3.57446,410185713599.99756
-3.56624,410185713599.99756
-3.55802,409781191199.99756
-3.54979,410590235999.99756
-3.54157,408972146399.99762
-3.53335,410994758399.99756
-3.52513,409376668799.99756
-3.51691,4347402232799.97460
-3.50868,2261280215999.98680
-3.50046,1802147291999.98950
-3.49224,1576019270399.99070
-3.48402,1432818340799.99150
-3.47579,1333305830399.99220
-3.46757,1260491798399.99270
-3.45935,1201027005599.99290
-3.45113,1153697884799.99320
-3.44291,1112436599999.99340
-3.43469,1081692897599.99370
-3.42646,1050544672799.99380
-3.41824,1026273328799.99380
-3.41002,1002811029599.99410
-3.40180,983798476799.99426
-3.39358,965594968799.99414
-3.38535,950223117599.99438
-3.37713,934851266399.99438
-3.36891,920692982399.99463
-3.36069,910579922399.99463
-3.35247,897635205599.99475
-3.34424,887117623199.99475
-3.33602,878622652799.99487
-3.32780,869318637599.99487
-3.31958,860419144799.99487
-3.31135,852733219199.99500
-3.30313,845856338399.99500
-3.29491,838574935199.99512
-3.28669,831698054399.99512
-3.27847,826034740799.99512
-3.27025,819966904799.99512
-3.26202,815517158399.99524
-3.25380,811067411999.99524
-3.24558,805404098399.99524
-3.23736,800954351999.99524
-3.22914,795695560799.99536
-3.22091,792863903999.99536
-3.21269,788009635199.99536
-3.20447,787200590399.99536
-3.19625,779919187199.99536
-3.18803,779514664799.99536
-3.17980,774255873599.99536
-3.17158,772233261599.99548
-3.16336,770210649599.99548
-3.15514,767378992799.99548
-3.14691,766165425599.99548
-3.13869,762120201599.99548
-3.13047,761311156799.99548
-3.12225,758074977599.99548
-3.11403,756456887999.99548
-3.10581,754838798399.99561
-3.09758,754029753599.99548
-3.08936,751198096799.99561
-3.08114,750793574399.99561
-3.07292,749580007199.99561
-3.06470,747557395199.99561
-3.05647,746748350399.99561
-3.04825,746343827999.99561
-3.04003,746748350399.99561
-3.03181,745130260799.99561
-3.02358,743512171199.99548
-3.01536,743512171199.99548
-3.00714,745130260799.99561
-2.99892,742703126399.99548
-2.99070,742298603999.99561
-2.98248,743916693599.99548
-2.97425,743512171199.99548
-2.96603,745130260799.99561
-2.95781,743916693599.99548
-2.94959,744321215999.99561
-2.94137,745939305599.99561
-2.93314,746343827999.99561
-2.92492,747961917599.99561
-2.91670,748366439999.99561
-2.90848,750389051999.99561
-2.90026,753220708799.99548
-2.89203,752816186399.99548
-2.88381,757265932799.99548
-2.87559,758074977599.99548
-2.86737,762120201599.99548
-2.85914,763738291199.99536
-2.85092,770210649599.99548
-2.84270,771424216799.99548
-2.83448,776278485599.99548
-2.82626,782346321599.99536
-2.81804,787605112799.99536
-2.80981,795291038399.99536
-2.80159,803381486399.99512
-2.79337,815112635999.99524
-2.78515,826034740799.99512
-2.77693,843833726399.99487
-2.76870,868509592799.99487
-2.76048,904512086399.99451
-2.75226,973280894399.99426
-2.74404,1384680175199.99190
-2.73582,683642855999.99597
-2.72759,685260945599.99597
-2.71937,687688079999.99597
-2.71115,690115214399.99597
-2.70293,693351393599.99573
-2.69470,696587572799.99585
-2.68648,699014707199.99585
-2.67826,702250886399.99573
-2.67004,706296110399.99585
-2.66182,711150379199.99585
-2.65360,715195603199.99573
-2.64537,721667961599.99573
-2.63715,725713185599.99573
-2.62893,732994588799.99561
-2.62071,739466947199.99561
-2.61249,749175484799.99561
-2.60426,757265932799.99548
-2.59604,769401604799.99548
-2.58782,780728231999.99536
-2.57960,796100083199.99536
-2.57137,815517158399.99524
-2.56315,839788502399.99500
-2.55493,870532204799.99487
-2.54671,913411579199.99463
-2.53849,984607521599.99414
-2.53027,1118099913599.99320
-2.52204,1916627131199.98880
-2.51382,543678105599.99670
-2.50560,542869060799.99683
-2.49738,545296195199.99677
-2.48916,544487150399.99677
-2.48093,545296195199.99677
-2.47271,547723329599.99677
-2.46449,548532374399.99670
-2.45627,548532374399.99670
-2.44805,550959508799.99670
-2.43982,550150463999.99670
-2.43160,552577598399.99670
-2.42338,554195687999.99670
-2.41516,554195687999.99670
-2.40693,556622822399.99670
-2.39871,557431867199.99670
-2.39049,559859001599.99670
-2.38227,559859001599.99670
-2.37405,563904225599.99658
-2.36583,563095180799.99670
-2.35760,567140404799.99670
-2.34938,568758494399.99658
-2.34116,570376583999.99658
-2.33294,572803718399.99658
-2.32472,573612763199.99658
-2.31649,577657987199.99658
-2.30827,579276076799.99658
-2.30005,582512255999.99658
-2.29183,584130345599.99658
-2.28361,588984614399.99658
-2.27538,589793659199.99658
-2.26716,595456972799.99646
-2.25894,596266017599.99646
-2.25072,601929331199.99646
-2.24249,604356465599.99646
-2.23427,609210734399.99646
-2.22605,612446913599.99634
-2.21783,616492137599.99634
-2.20961,622964495999.99634
-2.20139,625391630399.99634
-2.19316,631863988799.99634
-2.18494,637527302399.99622
-2.17672,643190615999.99622
-2.16850,649662974399.99622
-2.16028,655326287999.99609
-2.15205,663416735999.99609
-2.14383,672316228799.99609
-2.13561,678788587199.99597
-2.12739,686879035199.99597
-2.11916,697396617599.99585
-2.11094,707914199999.99585
-2.10272,718431782399.99573
-2.09450,731376499199.99573
-2.08628,744321215999.99561
-2.07806,759693067199.99548
-2.06983,775873963199.99548
-2.06161,794481993599.99524
-2.05339,815517158399.99524
-2.04517,838979457599.99512
-2.03695,865677935999.99487
-2.02872,898848772799.99475
-2.02050,936064833599.99438
-2.01228,983798476799.99426
-2.00406,1042049702399.99390
-1.99584,1121336092799.99340
-1.98761,1230557140799.99270
-1.97939,1405310817599.99150
-1.97117,1760481484799.98970
-1.96295,3279867619199.98050
-1.95472,377823921599.99780
-1.94650,387532459199.99774
-1.93828,399668131199.99762
-1.93006,414230937599.99756
-1.92184,432029923199.99738
-1.91362,453874132799.99731
-1.90539,483808790399.99713
-1.89717,527497209599.99689
-1.88895,597884107199.99646
-1.88073,744321215999.99561
-1.87251,1307416396799.99220
-1.86428,173135587199.99896
-1.85606,172326542399.99899
-1.84784,172326542399.99899
-1.83962,172326542399.99899
-1.83140,172326542399.99899
-1.82317,173135587199.99896
-1.81495,172326542399.99899
-1.80673,173135587199.99896
-1.79851,172326542399.99899
-1.79028,173135587199.99896
-1.78206,172326542399.99899
-1.77384,173135587199.99896
-1.76562,173135587199.99896
-1.75740,173135587199.99896
-1.74918,173135587199.99896
-1.74095,173135587199.99896
-1.73273,172326542399.99899
-1.72451,173944631999.99896
-1.71629,173135587199.99896
-1.70807,173135587199.99896
-1.69984,173944631999.99896
-1.69162,173135587199.99896
-1.68340,173135587199.99896
-1.67518,173944631999.99896
-1.66695,173135587199.99896
-1.65873,174753676799.99896
-1.65051,173944631999.99896
-1.64229,173944631999.99896
-1.63407,173944631999.99896
-1.62585,174753676799.99896
-1.61762,173944631999.99896
-1.60940,174753676799.99896
-1.60118,174753676799.99896
-1.59296,174753676799.99896
-1.58474,174753676799.99896
-1.57651,174753676799.99896
-1.56829,175562721599.99893
-1.56007,174753676799.99896
-1.55185,175562721599.99893
-1.54363,175562721599.99893
-1.53540,176371766399.99896
-1.52718,175562721599.99893
-1.51896,176371766399.99896
-1.51074,176371766399.99896
-1.50251,176371766399.99896
-1.49429,176371766399.99896
-1.48607,177180811199.99896
-1.47785,177180811199.99896
-1.46963,177180811199.99896
-1.46141,177180811199.99896
-1.45318,177989855999.99896
-1.44496,177989855999.99896
-1.43674,177989855999.99896
-1.42852,178798900799.99893
-1.42030,178798900799.99893
-1.41207,178798900799.99893
-1.40385,178798900799.99893
-1.39563,179607945599.99893
-1.38741,180416990399.99893
-1.37918,180416990399.99893
-1.37096,180416990399.99893
-1.36274,180416990399.99893
-1.35452,182035079999.99893
-1.34630,181226035199.99893
-1.33807,182035079999.99893
-1.32985,182035079999.99893
-1.32163,182844124799.99893
-1.31341,182844124799.99893
-1.30519,183653169599.99893
-1.29697,183653169599.99893
-1.28874,184462214399.99890
-1.28052,185271259199.99890
-1.27230,185271259199.99890
-1.26408,185271259199.99890
-1.25586,186889348799.99890
-1.24763,186889348799.99890
-1.23941,188507438399.99887
-1.23119,187698393599.99890
-1.22297,188507438399.99887
-1.21474,189316483199.99887
-1.20652,190125527999.99887
-1.19830,190934572799.99884
-1.19008,191743617599.99887
-1.18186,192552662399.99887
-1.17364,192552662399.99887
-1.16541,193361707199.99884
-1.15719,194979796799.99884
-1.14897,196597886399.99884
-1.14075,196597886399.99884
-1.13253,197406931199.99884
-1.12430,199025020799.99884
-1.11608,199025020799.99884
-1.10786,201452155199.99881
-1.09964,202261199999.99881
-1.09142,203070244799.99881
-1.08319,205497379199.99878
-1.07497,206306423999.99878
-1.06675,207924513599.99878
-1.05853,209542603199.99878
-1.05030,211160692799.99872
-1.04208,213587827199.99872
-1.03386,215205916799.99872
-1.02564,217633051199.99872
-1.01742,220060185599.99872
-1.00920,222487319999.99869
-1.00097,224914454399.99869
-0.99275,227341588799.99866
-0.98453,231386812799.99860
-0.97631,235432036799.99863
-0.96809,238668215999.99860
-0.95986,242713439999.99857
-0.95164,248376753599.99854
-0.94342,253231022399.99850
-0.93520,259703380799.99847
-0.92697,267793828799.99841
-0.91875,275884276799.99835
-0.91053,286401859199.99829
-0.90231,298537531199.99823
-0.89409,315527471999.99817
-0.88586,336562636799.99805
-0.87764,367306339199.99786
-0.86942,413421892799.99756
-0.86120,504034910399.99701
-0.85298,926356295999.99451
-0.84476,263748604799.99844
-0.83653,102748689599.99939
-0.82831,103557734399.99939
-0.82009,103557734399.99939
-0.81187,104366779199.99937
-0.80365,104366779199.99937
-0.79542,105175823999.99937
-0.78720,105984868799.99937
-0.77898,106793913599.99936
-0.77076,106793913599.99936
-0.76253,107602958399.99936
-0.75431,108412003199.99936
-0.74609,108412003199.99936
-0.73787,110030092799.99936
-0.72965,110030092799.99936
-0.72142,111648182399.99934
-0.71320,112457227199.99934
-0.70498,113266271999.99933
-0.69676,114075316799.99933
-0.68854,114884361599.99933
-0.68032,116502451199.99931
-0.67209,117311495999.99931
-0.66387,118929585599.99930
-0.65565,120547675199.99928
-0.64743,122165764799.99928
-0.63921,123783854399.99927
-0.63098,125401943999.99927
-0.62276,127020033599.99924
-0.61454,129447167999.99924
-0.60632,131874302399.99922
-0.59809,135110481599.99921
-0.58987,137537615999.99918
-0.58165,140773795199.99918
-0.57343,144009974399.99915
-0.56521,148864243199.99911
-0.55699,152909467199.99908
-0.54876,158572780799.99905
-0.54054,165045139199.99902
-0.53232,173135587199.99896
-0.52410,182035079999.99893
-0.51588,193361707199.99884
-0.50765,207924513599.99878
-0.49943,228150633599.99866
-0.49121,257276246399.99847
-0.48299,303391799999.99823
-0.47476,398859086399.99768
-0.46654,841406591999.99500
-0.45832,0.00000
-0.45010,0.00000
-0.44188,0.00000
-0.43365,0.00000
-0.42543,0.00000
-0.41721,0.00000
-0.40899,0.00000
-0.40077,0.00000
-0.39255,0.00000
-0.38432,0.00000
-0.37610,0.00000
-0.36788,0.00000
-0.35966,0.00000
-0.35144,0.00000
-0.34321,0.00000
-0.33499,0.00000
-0.32677,0.00000
-0.31855,0.00000
-0.31032,0.00000
-0.30210,0.00000
-0.29388,0.00000
-0.28566,0.00000
-0.27744,0.00000
-0.26921,0.00000
-0.26099,0.00000
-0.25277,0.00000
-0.24455,0.00000
-0.23633,0.00000
-0.22811,0.00000
-0.21988,0.00000
-0.21166,0.00000
-0.20344,0.00000
-0.19522,0.00000
-0.18699,0.00000
-0.17877,0.00000
-0.17055,0.00000
-0.16233,0.00000
-0.15411,0.00000
-0.14588,0.00000
-0.13766,0.00000
-0.12944,0.00000
-0.12122,0.00000
-0.11300,0.00000
-0.10478,0.00000
-0.09655,0.00000
-0.08833,0.00000
-0.08011,0.00000
-0.07189,0.00000
-0.06367,0.00000
-0.05544,0.00000
-0.04722,0.00000
-0.03900,0.00000
-0.03078,0.00000
-0.02256,0.00000
-0.01433,0.00000
-0.00611,0.00000
-0.006111,0.000000
0.002111,0.000000
0.010333,0.000000
0.018555,0.000000
0.026777,0.000000
0.034999,0.000000
0.043221,0.000000
0.051443,0.000000
0.059665,0.000000
0.067887,0.000000
0.076109,0.000000
0.084331,0.000000
0.092553,0.000000
0.100775,0.000000
0.108997,0.000000
0.117219,0.000000
0.125441,0.000000
0.133663,0.000000
0.141885,0.000000
0.150107,0.000000
0.158329,0.000000
0.166551,0.000000
0.174773,0.000000
0.182995,0.000000
0.191217,0.000000
0.199439,0.000000
0.207661,0.000000
0.215883,0.000000
0.224105,0.000000
0.232327,0.000000
0.240549,0.000000
0.248771,0.000000
0.256993,0.000000
0.265215,0.000000
0.273437,0.000000
0.281659,0.000000
0.289881,0.000000
0.298103,0.000000
0.306325,0.000000
0.314547,0.000000
0.322769,0.000000
0.330991,0.000000
0.339213,0.000000
0.347435,0.000000
0.355657,0.000000
0.363879,0.000000
0.372101,0.000000
0.380323,0.000000
0.388545,0.000000
0.396767,0.000000
0.404989,0.000000
0.413211,0.000000
0.421433,0.000000
0.429655,0.000000
0.437877,0.000000
0.446099,0.000000
0.454321,0.000000
0.462543,556622822399.996700
0.470765,507271089599.997010
0.478987,339798815999.997990
0.487209,276693321599.998350
0.495431,240286305599.998600
0.503653,217633051199.998720
0.511875,199834065599.998810
0.520097,187698393599.998900
0.528319,176371766399.998960
0.536541,169090363199.998990
0.544763,161808959999.999050
0.552985,155336601599.999080
0.561207,150482332799.999110
0.569429,146437108799.999150
0.577651,142391884799.999180
0.585873,139155705599.999180
0.594095,135919526399.999180
0.602317,133492391999.999210
0.610539,130256212799.999240
0.618761,128638123199.999240
0.626983,126210988799.999250
0.635205,124592899199.999250
0.643427,122974809599.999280
0.651649,120547675199.999280
0.659871,119738630399.999300
0.668093,118120540799.999280
0.676315,117311495999.999310
0.684537,115693406399.999300
0.692759,114884361599.999330
0.700981,113266271999.999330
0.709203,113266271999.999330
0.717425,111648182399.999340
0.725647,110839137599.999340
0.733869,110030092799.999360
0.742091,109221047999.999360
0.750313,108412003199.999360
0.758535,108412003199.999360
0.766757,106793913599.999360
0.774979,106793913599.999360
0.783201,105984868799.999370
0.791423,105175823999.999370
0.799645,105175823999.999370
0.807867,104366779199.999370
0.816089,104366779199.999370
0.824311,103557734399.999390
0.832533,102748689599.999390
0.840755,102748689599.999390
0.848977,816326203199.995240
0.857199,596266017599.996460
0.865421,449828908799.997380
0.873643,385914369599.997740
0.881865,349507353599.997920
0.890087,324426964799.998110
0.898309,306627979199.998170
0.906531,292874217599.998290
0.914753,280738545599.998350
0.922975,271030007999.998410
0.931197,263748604799.998440
0.939419,256467201599.998440
0.947641,250803887999.998540
0.955863,245140574399.998570
0.964085,241095350399.998570
0.972307,237050126399.998600
0.980529,232195857599.998630
0.988751,229768723199.998660
0.996973,226532543999.998660
1.005195,223296364799.998690
1.013417,220869230399.998690
1.021639,218442095999.998720
1.029861,216824006399.998720
1.038083,214396871999.998750
1.046305,211969737599.998750
1.054527,210351647999.998750
1.062749,209542603199.998780
1.070971,206306423999.998780
1.079193,205497379199.998780
1.087415,203879289599.998810
1.095637,203070244799.998810
1.103859,201452155199.998810
1.112081,200643110399.998810
1.120303,199834065599.998810
1.128525,198215975999.998840
1.136747,196597886399.998840
1.144969,196597886399.998840
1.153191,195788841599.998810
1.161413,194170751999.998870
1.169635,193361707199.998840
1.177857,191743617599.998870
1.186079,192552662399.998870
1.194301,191743617599.998870
1.202523,190125527999.998870
1.210745,189316483199.998870
1.218967,189316483199.998870
1.227189,188507438399.998870
1.235411,187698393599.998900
1.243633,186889348799.998900
1.251855,186889348799.998900
1.260077,186080303999.998900
1.268299,186080303999.998900
1.276521,185271259199.998900
1.284743,183653169599.998930
1.292965,184462214399.998900
1.301187,184462214399.998900
1.309409,182844124799.998930
1.317631,182844124799.998930
1.325853,182844124799.998930
1.334075,182035079999.998930
1.342297,181226035199.998930
1.350519,181226035199.998930
1.358741,182035079999.998930
1.366963,180416990399.998930
1.375185,179607945599.998930
1.383407,180416990399.998930
1.391629,180416990399.998930
1.399851,178798900799.998930
1.408073,179607945599.998930
1.416295,178798900799.998930
1.424517,177989855999.998960
1.432739,178798900799.998930
1.440961,177989855999.998960
1.449183,177989855999.998960
1.457405,177180811199.998960
1.465627,177180811199.998960
1.473849,177180811199.998960
1.482071,177180811199.998960
1.490293,177180811199.998960
1.498515,176371766399.998960
1.506737,176371766399.998960
1.514959,176371766399.998960
1.523181,176371766399.998960
1.531403,175562721599.998930
1.539625,175562721599.998930
1.547847,175562721599.998930
1.556069,175562721599.998930
1.564291,175562721599.998930
1.572513,174753676799.998960
1.580735,174753676799.998960
1.588957,174753676799.998960
1.597179,174753676799.998960
1.605401,174753676799.998960
1.613623,173944631999.998960
1.621845,174753676799.998960
1.630067,173944631999.998960
1.638289,173944631999.998960
1.646511,173944631999.998960
1.654733,174753676799.998960
1.662955,173944631999.998960
1.671177,173135587199.998960
1.679399,173944631999.998960
1.687621,173135587199.998960
1.695843,173944631999.998960
1.704065,173135587199.998960
1.712287,173135587199.998960
1.720509,173944631999.998960
1.728731,173135587199.998960
1.736953,172326542399.998990
1.745175,173944631999.998960
1.753397,172326542399.998990
1.761619,173135587199.998960
1.769841,172326542399.998990
1.778063,173135587199.998960
1.786285,172326542399.998990
1.794507,173135587199.998960
1.802729,173135587199.998960
1.810951,173135587199.998960
1.819173,171517497599.998990
1.827395,173135587199.998960
1.835617,172326542399.998990
1.843839,173135587199.998960
1.852061,172326542399.998990
1.860283,172326542399.998990
1.868505,880240742399.994870
1.876727,921502027199.994630
1.884949,652090108799.996220
1.893171,557431867199.996700
1.901393,503225865599.996950
1.909615,466818849599.997250
1.917837,441738460799.997380
1.926059,422321385599.997440
1.934281,406140489599.997620
1.942503,393195772799.997680
1.950725,382678190399.997740
1.958947,2266134484799.986800
1.967169,2167431019199.987300
1.975391,1539612254399.991000
1.983613,1303371172799.992400
1.991835,1169878780799.993200
2.000057,1076838628799.993500
2.008279,1010496955199.994000
2.016501,958718087999.994380
2.024723,916647758399.994630
2.032945,881049787199.994750
2.041167,851924174399.995000
2.049389,825225695999.995120
2.057611,804999575999.995240
2.065833,784773455999.995360
2.074055,766974470399.995480
2.082277,751602619199.995610
2.090499,736230767999.995610
2.098721,725713185599.995730
2.106943,712768468799.995730
2.115165,702250886399.995730
2.123387,693351393599.995730
2.131609,682024766399.995850
2.139831,674743363199.995970
2.148053,666652915199.996090
2.156275,660989601599.996090
2.164497,651281063999.996220
2.172719,646426795199.996220
2.180941,639954436799.996220
2.189163,635100167999.996220
2.197385,629436854399.996340
2.205607,622155451199.996340
2.213829,620537361599.996340
2.222051,614874047999.996340
2.230273,610019779199.996460
2.238495,608401689599.996460
2.246717,601120286399.996460
2.254939,599502196799.996460
2.263161,595456972799.996460
2.271383,592220793599.996460
2.279605,589793659199.996580
2.287827,586557479999.996580
2.296049,582512255999.996580
2.304271,581703211199.996580
2.312493,577657987199.996580
2.320715,576039897599.996580
2.328937,574421807999.996580
2.337159,570376583999.996580
2.345381,570376583999.996580
2.353603,567140404799.996700
2.361825,564713270399.996700
2.370047,563095180799.996700
2.378269,562286135999.996700
2.386491,559859001599.996700
2.394713,559049956799.996580
2.402935,556622822399.996700
2.411157,555813777599.996700
2.419379,554195687999.996700
2.427601,552577598399.996700
2.435823,552577598399.996700
2.444045,549341419199.996770
2.452267,550150463999.996700
2.460489,549341419199.996770
2.468711,546105239999.996770
2.476933,546914284799.996770
2.485155,546914284799.996770
2.493377,543678105599.996700
2.501599,543678105599.996700
2.509821,544487150399.996770
2.518043,1521004223999.991000
2.526265,1258064663999.992700
2.534487,1035577343999.993900
2.542709,944155281599.994380
2.550931,889949279999.994750
2.559153,853542263999.995000
2.567375,825225695999.995120
2.575597,805808620799.995240
2.583819,788009635199.995360
2.592041,775064918399.995480
2.600263,762929246399.995360
2.608485,752411663999.995610
2.616707,742703126399.995480
2.624929,737039812799.995610
2.633151,728949364799.995730
2.641373,724095095999.995730
2.649595,717622737599.995730
2.657817,713577513599.995730
2.666039,707914199999.995850
2.674261,704678020799.995850
2.682483,700632796799.995850
2.690705,697396617599.995850
2.698927,694160438399.995970
2.707149,691733303999.995970
2.715371,690115214399.995970
2.723593,685260945599.995970
2.731815,686069990399.995970
2.740037,1183228019999.992900
2.748259,1046499448799.993700
2.756481,929996997599.994510
2.764703,883881443999.994750
2.772925,853946786399.994870
2.781147,834934233599.995000
2.789369,820775949599.995120
2.797591,808235755199.995240
2.805813,798931739999.995240
2.814035,790032247199.995360
2.822257,785177978399.995360
2.830479,781132754399.995360
2.838701,773042306399.995360
2.846923,770210649599.995480
2.855145,766974470399.995480
2.863367,762929246399.995360
2.871589,759288544799.995480
2.879811,758479499999.995480
2.888033,755243320799.995610
2.896255,751602619199.995610
2.904477,752816186399.995480
2.912699,749580007199.995610
2.920921,747152872799.995610
2.929143,747961917599.995610
2.937365,745534783199.995610
2.945587,745130260799.995610
2.953809,745130260799.995610
2.962031,743512171199.995480
2.970253,744725738399.995610
2.978475,743512171199.995480
2.986697,742703126399.995480
2.994919,743107648799.995480
3.003141,743916693599.995480
3.011363,743107648799.995480
3.019585,744725738399.995610
3.027807,743916693599.995480
3.036029,745534783199.995610
3.044251,745939305599.995610
3.052473,746343827999.995610
3.060695,747557395199.995610
3.068917,748770962399.995610
3.077139,751198096799.995610
3.085361,751198096799.995610
3.093583,752411663999.995610
3.101805,753625231199.995480
3.110027,756052365599.995610
3.118249,758074977599.995480
3.126471,759288544799.995480
3.134693,762120201599.995480
3.142915,764142813599.995360
3.151137,766569947999.995480
3.159359,766569947999.995480
3.167581,771424216799.995480
3.175803,774660395999.995480
3.184025,776683007999.995480
3.192247,780728231999.995360
3.200469,783155366399.995240
3.208691,787605112799.995360
3.216913,788818679999.995360
3.225135,796504605599.995360
3.233357,798931739999.995240
3.241579,802167919199.995240
3.249801,807022187999.995240
3.258023,813494546399.995120
3.266245,817539770399.995240
3.274467,824012128799.995000
3.282689,829270919999.995120
3.290911,834529711199.995000
3.299133,842620159199.995000
3.307355,848687995199.995000
3.315577,858396532799.995000
3.323799,863655323999.994870
3.332021,873768383999.994870
3.340243,881858831999.994750
3.348465,894803548799.994630
3.356687,903703041599.994630
3.364909,915434191199.994510
3.373131,928378907999.994510
3.381353,942132669599.994510
3.389575,957504520799.994380
3.397797,974089939199.994260
3.406019,993507014399.994140
3.414241,1015351223999.994000
3.422463,1038813523199.993900
3.430685,1065107479199.993800
3.438907,1097064748799.993400
3.447129,1134280809599.993400
3.455351,1175946616799.993200
3.463573,1228939051199.992700
3.471795,1294876202399.992400
3.480017,1381848518399.991900
3.488239,1498350969599.991200
3.496461,1676745347999.990200
3.504683,1987418551199.988300
3.512905,2832465844799.982900
3.521127,2912561279999.982900
3.529349,410185713599.997560
3.537571,410185713599.997560
3.545793,409781191199.997560
3.554015,410590235999.997560
3.562237,410185713599.997560
3.570459,409781191199.997560
3.578681,410185713599.997560
3.586903,410590235999.997560
3.595125,410994758399.997560
3.603347,409781191199.997560
3.611569,409781191199.997560
3.619791,411803803199.997500
3.628013,410185713599.997560
3.636235,410185713599.997560
3.644457,412612847999.997560
3.652679,410994758399.997560
3.660901,412208325599.997500
3.669123,410590235999.997560
3.677345,412208325599.997500
3.685567,411803803199.997500
3.693789,412612847999.997560
3.702011,412208325599.997500
3.710233,413017370399.997560
3.718455,412612847999.997560
3.726677,413017370399.997560
3.734899,415039982399.997560
3.743121,413017370399.997560
3.751343,413421892799.997560
3.759565,415444504799.997560
3.767787,413421892799.997560
3.776009,415039982399.997560
3.784231,415039982399.997560
3.792453,415039982399.997560
3.800675,415849027199.997560
3.808897,416253549599.997560
3.817119,416658071999.997560
3.825341,415444504799.997560
3.833563,417871639199.997560
3.841785,418276161599.997560
3.850007,417871639199.997560
3.858229,416658071999.997560
3.866451,420298773599.997500
3.874673,418276161599.997560
3.882895,419894251199.997500
3.891117,419894251199.997500
3.899339,418680683999.997560
3.907561,421512340799.997500
3.915783,421107818399.997500
3.924005,421916863199.997440
3.932227,421916863199.997440
3.940449,421916863199.997440
3.948671,421916863199.997440
3.956893,424343997599.997500
3.965115,423130430399.997500
3.973337,424343997599.997500
3.981559,424748519999.997500
3.989781,425557564799.997500
3.998003,425962087199.997500
4.006225,426771131999.997500
4.014447,426366609599.997500
4.022669,428793743999.997500
4.030891,427984699199.997500
4.039113,429198266399.997500
4.047335,427984699199.997500
4.055557,430816355999.997440
4.063779,430007311199.997500
4.072001,431625400799.997440
4.080223,431625400799.997440
4.088445,431625400799.997440
4.096667,434052535199.997440
4.104889,433243490399.997440
4.113111,435266102399.997440
4.121333,434052535199.997440
4.129555,436884191999.997440
4.137777,435266102399.997440
4.145999,437288714399.997380
4.154221,438502281599.997440
4.162443,438502281599.997440
4.170665,439311326399.997440
4.178887,440120371199.997440
4.187109,442547505599.997310
4.195331,441738460799.997380
4.203553,442142983199.997310
4.211775,443356550399.997380
4.219997,444165595199.997380
4.228219,446188207199.997380
4.236441,445379162399.997380
4.244663,447401774399.997310
4.252885,446997251999.997380
4.261107,448615341599.997380
4.269329,451042475999.997310
4.277551,450637953599.997380
4.285773,451851520799.997310
4.293995,453469610399.997310
4.302217,452660565599.997250
4.310439,454683177599.997310
4.318661,455896744799.997310
4.326883,455896744799.997310
4.335105,459132923999.997310
4.343327,458728401599.997310
4.351549,460751013599.997310
4.359771,461560058399.997250
4.367993,461964580799.997250
4.376215,463987192799.997250
4.384437,465200759999.997250
4.392659,465200759999.997250
4.400881,468032416799.997190
4.409103,468436939199.997250
4.417325,470864073599.997250
4.425547,472077640799.997190
4.433769,472482163199.997130
4.441991,474100252799.997190
4.450213,474909297599.997190
4.458435,478145476799.997130
4.466657,478145476799.997130
4.474879,480572611199.997190
4.483101,480572611199.997190
4.491323,484617835199.997130
4.499545,484617835199.997130
4.507767,487044969599.997130
4.515989,488663059199.997130
4.524211,490281148799.997130
4.532433,492303760799.997070
4.540655,494326372799.997070
4.548877,495135417599.997070
4.557099,497562551999.997070
4.565321,500394208799.997070
4.573543,501607775999.997070
4.581765,504034910399.997010
4.589987,505652999999.997010
4.598209,507675611999.997010
4.606431,510507268799.997010
4.614653,513338925599.996890
4.622875,515361537599.996950
4.631097,517788671999.996950
4.639319,519811283999.996950
4.647541,523451985599.996830
4.655763,524665552799.996890
4.663985,529115299199.996890
4.672207,532351478399.996890
4.680429,534374090399.996830
4.688651,537205747199.996830
4.696873,540037403999.996830
4.705095,544487150399.996770
4.713317,548127851999.996700
4.721539,551768553599.996700
4.729761,554600210399.996700
4.737983,559049956799.996580
4.746205,563499703199.996580
4.754427,566331359999.996700
4.762649,572399195999.996580
4.770871,576848942399.996580
4.779093,581298688799.996580
4.787315,586557479999.996580
4.795537,591816271199.996460
4.803759,597884107199.996460
4.811981,603951943199.996460
4.820203,610828823999.996460
4.828425,617301182399.996340
4.836647,623369018399.996340
4.844869,632673033599.996220
4.853091,641977048799.996220
4.861313,648853929599.996220
4.869535,658966989599.996090
4.877757,669889094399.996090
4.885979,681215721599.995970
4.894201,694564960799.995850
4.902423,707914199999.995850
4.910645,723286051199.995610
4.918867,740680514399.995610
4.927089,759693067199.995480
4.935311,783155366399.995240
4.943533,809853844799.995240
4.951755,838574935199.995120
4.959977,878622652799.994870
4.968199,924738206399.994380
4.976421,984607521599.994140
4.984643,1067939135999.993700
4.992865,1190104900799.992900
5.001087,1406119862399.991500
5.009309,1976900968799.988300
5.017531,2118888331199.987500
5.025753,314718427199.998170
5.033975,314718427199.998170
5.042197,315122949599.998170
5.050419,315527471999.998170
5.058641,316336516799.998110
5.066863,316336516799.998110
5.075085,317145561599.998110
5.083307,317954606399.998110
5.091529,317145561599.998110
5.099751,319168173599.998110
5.107973,319572695999.998110
5.116195,318763651199.998110
5.124417,320786263199.998110
5.132639,320381740799.998110
5.140861,321595307999.998110
5.149083,321190785599.998110
5.157305,322404352799.998110
5.165527,322808875199.998110
5.173749,323213397599.998110
5.181971,323617919999.998110
5.190193,324022442399.998110
5.198415,325640531999.998110
5.206637,325640531999.998110
5.214859,326045054399.998110
5.223081,327258621599.998050
5.231303,327258621599.998050
5.239525,327258621599.998050
5.247747,328876711199.998050
5.255969,328876711199.998050
5.264191,329685755999.998050
5.272413,331303845599.998050
5.280635,330899323199.998050
5.288857,332112890399.998050
5.297079,332112890399.998050
5.305301,333326457599.998050
5.313523,333730979999.998050
5.321745,333730979999.998050
5.329967,334944547199.998050
5.338189,336158114399.998050
5.346411,336562636799.998050
5.354633,337371681599.997990
5.362855,338989771199.997990
5.371077,338585248799.997990
5.379299,339798815999.997990
5.387521,338989771199.997990
5.395743,340607860799.997990
5.403965,341416905599.997920
5.412187,343034995199.997990
5.420409,343034995199.997990
5.428631,344248562399.997990
5.436853,345462129599.997990
5.445075,344653084799.997990
5.453297,346675696799.997860
5.461519,347080219199.997990
5.469741,347484741599.997920
5.477963,348698308799.997920
5.486185,350720920799.997920
5.494407,350720920799.997920
5.502629,350720920799.997920
5.510851,353957099999.997920
5.519073,352339010399.997920
5.527295,354766144799.997920
5.535517,354766144799.997920
5.543739,356384234399.997860
5.551961,357193279199.997920
5.560183,357597801599.997860
5.568405,358811368799.997860
5.576627,360833980799.997860
5.584849,360429458399.997860
5.593071,362452070399.997860
5.601293,363261115199.997860
5.609515,364474682399.997860
5.617737,365688249599.997860
5.625959,366497294399.997800
5.634181,367306339199.997860
5.642403,368519906399.997800
5.650625,369733473599.997800
5.658847,371351563199.997740
5.667069,372565130399.997800
5.675291,373778697599.997800
5.683513,374992264799.997800
5.691735,374587742399.997800
5.699957,377419399199.997800
5.708179,379846533599.997740
5.716401,379846533599.997740
5.724623,380655578399.997740
5.732845,382273667999.997740
5.741067,384296279999.997740
5.749289,385509847199.997740
5.757511,386318891999.997740
5.765733,388341503999.997740
5.773955,389959593599.997680
5.782177,391173160799.997680
5.790399,392386727999.997680
5.798621,394813862399.997680
5.806843,395622907199.997680
5.815065,398050041599.997680
5.823287,399668131199.997620
5.831509,401690743199.997560
5.839731,402904310399.997620
5.847953,404926922399.997620
5.856175,406140489599.997620
5.864397,408972146399.997620
5.872619,408972146399.997620
5.880841,413826415199.997560
5.889063,413826415199.997560
5.897285,416658071999.997560
5.905507,419489728799.997560
5.913729,420298773599.997500
5.921951,423130430399.997500
5.930173,426366609599.997500
5.938395,427580176799.997440
5.946617,430411833599.997440
5.954839,432029923199.997380
5.963061,436075147199.997440
5.971283,438097759199.997440
5.979505,440929415999.997380
5.987727,443761072799.997380
5.995949,446592729599.997380
6.004171,450233431199.997380
6.012393,451851520799.997310
6.020615,455896744799.997310
6.028837,459941968799.997310
6.037059,462773625599.997190
6.045281,467223371999.997250
6.053503,470055028799.997250
6.061725,473695730399.997190
6.069947,478954521599.997190
6.078169,482190700799.997130
6.086391,487044969599.997130
6.094613,491899238399.997130
6.102835,496348984799.997070
6.111057,503225865599.996950
6.119279,506866567199.997010
6.127501,539228359199.996830
6.135723,563095180799.996700
6.143945,568758494399.996580
6.152167,576039897599.996580
6.160389,583321300799.996580
6.168611,592220793599.996460
6.176833,600311241599.996460
6.185055,609210734399.996460
6.193277,618919271999.996340
6.201499,631863988799.996340
6.209721,642381571199.996220
6.217943,655326287999.996090
6.226165,671507183999.996090
6.234387,687688079999.995970
6.242609,705487065599.995850
6.250831,728140319999.995730
6.259053,753220708799.995480
6.267275,783155366399.995240
6.275497,820371427199.995120
6.283719,868105070399.994870
6.291941,927165340799.994510
6.300163,1014542179199.994000
6.308385,1149652660799.993200
6.316607,1414210310399.991700
6.324829,2902852742399.982900
6.333051,302582755199.998230
6.341273,304200844799.998230
6.349495,304200844799.998230
6.357717,305009889599.998230
6.365939,305818934399.998170
6.374161,306627979199.998170
6.382383,307437023999.998170
6.390605,309055113599.998170
6.398827,309864158399.998170
6.407049,309055113599.998170
6.415271,312291292799.998170
6.423493,311482247999.998170
6.431715,313100337599.998170
6.439937,313100337599.998170
6.448159,313909382399.998170
6.456381,315527471999.998170
6.464603,316336516799.998110
6.472825,317145561599.998110
6.481047,317954606399.998110
6.489269,317954606399.998110
6.497491,320381740799.998110
6.505713,321190785599.998110
6.513935,322808875199.998110
6.522157,321999830399.998110
6.530379,324426964799.998110
6.538601,324426964799.998110
6.546823,326045054399.998110
6.555045,326854099199.998050
6.563267,327663143999.998050
6.571489,330090278399.998050
6.579711,329281233599.998050
6.587933,331708367999.998050
6.596155,331708367999.998050
6.604377,334135502399.998050
6.612599,334944547199.998050
6.620821,335753591999.998050
6.629043,337371681599.997990
6.637265,337371681599.997990
6.645487,339798815999.997990
6.653709,340607860799.997990
6.661931,341416905599.997920
6.670153,343844039999.997990
6.678375,344653084799.997990
6.686597,344653084799.997990
6.694819,347889263999.997920
6.703041,348698308799.997920
6.711263,349507353599.997920
6.719485,351125443199.997860
6.727707,352743532799.997920
6.735929,354361622399.997920
6.744151,355170667199.997920
6.752373,357597801599.997860
6.760595,358406846399.997860
6.768817,360024935999.997860
6.777039,361643025599.997800
6.785261,364070159999.997860
6.793483,364879204799.997860
6.801705,366497294399.997800
6.809927,368115383999.997800
6.818149,370542518399.997800
6.826371,372160607999.997800
6.834593,372969652799.997800
6.842815,375396787199.997800
6.851037,378632966399.997740
6.859259,379442011199.997740
6.867481,380251055999.997740
6.875703,383487235199.997740
6.883925,385914369599.997740
6.892147,386723414399.997680
6.900369,389959593599.997680
6.908591,391577683199.997620
6.916813,394004817599.997680
6.925035,396431951999.997680
6.933257,398050041599.997680
6.941479,400477175999.997620
6.949701,404522399999.997620
6.957923,405331444799.997620
6.966145,409376668799.997560
6.974367,411803803199.997500
6.982589,414230937599.997560
6.990811,415849027199.997560
6.999033,419894251199.997500
7.007255,423130430399.997500
7.015477,425557564799.997500
7.023699,428793743999.997500
7.031921,432838967999.997440
7.040143,436075147199.997440
7.048365,439311326399.997440
7.056587,443356550399.997380
7.064809,445783684799.997380
7.073031,451446998399.997310
7.081253,454683177599.997310
7.089475,458728401599.997310
7.097697,463582670399.997250
7.105919,468436939199.997250
7.114141,473291207999.997190
7.122363,477336431999.997190
7.130585,483808790399.997130
7.138807,488663059199.997130
7.147029,494326372799.997070
7.155251,500798731199.997070
7.163473,507271089599.997010
7.171695,514552492799.996950
7.179917,522642940799.996950
7.188139,528306254399.996830
7.196361,538823836799.996770
7.204583,546914284799.996770
7.212805,558240911999.996700
7.221027,567140404799.996700
7.229249,578467031999.996580
7.237471,592220793599.996460
7.245693,606783599999.996460
7.253915,622155451199.996340
7.262137,639954436799.996220
7.270359,660989601599.996090
7.278581,684451900799.995970
7.286803,712768468799.995730
7.295025,746748350399.995610
7.303247,788009635199.995360
7.311469,844642771199.994870
7.319691,919883937599.994630
7.327913,1033959254399.993900
7.336135,1243501857599.992700
7.344357,1908536683199.988800
7.352579,1379421383999.991900
7.360801,268602873599.998410
7.369023,270220963199.998410
7.377245,271839052799.998350
7.385467,272648097599.998380
7.393689,275075231999.998350
7.401911,275884276799.998350
7.410133,277502366399.998350
7.418355,279120455999.998350
7.426577,281547590399.998350
7.434799,282356635199.998350
7.443021,283974724799.998350
7.451243,286401859199.998290
7.459465,287210903999.998290
7.467687,290447083199.998290
7.475909,290447083199.998290
7.484131,293683262399.998290
7.492353,295301351999.998290
7.500575,296919441599.998230
7.508797,300155620799.998230
7.517019,300964665599.998230
7.525241,302582755199.998230
7.533463,305818934399.998170
7.541685,307437023999.998170
7.549907,310673203199.998170
7.558129,312291292799.998170
7.566351,314718427199.998170
7.574573,316336516799.998110
7.582795,319572695999.998110
7.591017,322808875199.998110
7.599239,324426964799.998110
7.607461,328472188799.998050
7.615683,330090278399.998050
7.623905,332517412799.998050
7.632127,336562636799.998050
7.640349,338989771199.997990
7.648571,342225950399.997990
7.656793,346271174399.997920
7.665015,348698308799.997920
7.673237,353552577599.997920
7.681459,355170667199.997920
7.689681,360024935999.997860
7.697903,363261115199.997860
7.706125,368115383999.997800
7.714347,371351563199.997740
7.722569,376205831999.997800
7.730791,380251055999.997740
7.739013,385914369599.997740
7.747235,389959593599.997680
7.755457,394813862399.997680
7.763679,401286220799.997620
7.771901,406140489599.997620
7.780123,411803803199.997500
7.788345,418276161599.997560
7.796567,424748519999.997500
7.804789,430411833599.997440
7.813011,438502281599.997440
7.821233,446592729599.997380
7.829455,453874132799.997310
7.837677,463582670399.997250
7.845899,472482163199.997130
7.854121,482190700799.997130
7.862343,493517327999.997070
7.870565,504843955199.997010
7.878787,517788671999.996950
7.887009,531542433599.996890
7.895231,546914284799.996770
7.903453,564713270399.996700
7.911675,583321300799.996580
7.919897,605165510399.996460
7.928119,631054943999.996340
7.936341,662607691199.996090
7.944563,697396617599.995850
7.952785,742703126399.995480
7.961007,802572441599.995240
7.969229,883476921599.994750
7.977451,1009687910399.994000
7.985673,1249974215999.992700
7.993895,2592179539199.984900
8.002117,347080219199.997990
8.010339,244331529599.998570
8.018561,249185798399.998500
8.026783,254040067199.998470
8.035005,259703380799.998470
8.043227,265366694399.998440
8.051449,272648097599.998380
8.059671,278311411199.998350
8.067893,286401859199.998290
8.076115,293683262399.998290
8.084337,302582755199.998230
8.092559,312291292799.998170
8.100781,322808875199.998110
8.109003,334135502399.998050
8.117225,347080219199.997990
8.125447,362452070399.997860
8.133669,378632966399.997740
8.141891,397240996799.997620
8.150113,420703295999.997500
8.158335,448210819199.997380
8.166557,480572611199.997190
8.174779,522642940799.996950
8.183001,577657987199.996580
8.191223,655326287999.996090
8.199445,777492052799.995360
8.207667,1012924089599.994000
8.215889,2443315295999.985800
