8.34267E+17	-0.091463371
9.35855E+17	-0.0560975
1.13674E+18	-0.019512135
1.50835E+18	0.014634149
1.96637E+18	0.037804899
1.16729E+18	0.048780527
6.62974E+17	0.052439007
4.18679E+17	0.060975648
2.37793E+17	0.07073169
1.26954E+17	0.092682946
7.67073E+16	0.112195122
4.84418E+16	0.143902419
3.25443E+16	0.18170737
2.2254E+16	0.232926843
1.7222E+16	0.291463464
1.41785E+16	0.354878058
1.28649E+16	0.4182927
1.24179E+16	0.484146375
1.32106E+16	0.547560969
1.49508E+16	0.608536577
1.75292E+16	0.664634164
2.26509E+16	0.720731704
3.05917E+16	0.763414653
4.6759E+16	0.801219511
7.27451E+16	0.832926832
1.09242E+17	0.852439031
1.72983E+17	0.867073186
2.64402E+17	0.876829274
4.00578E+17	0.886585362
6.34312E+17	0.890243912
8.87516E+17	0.895121956
1.29791E+18	0.898780483
1.76848E+18	0.90365855
2.00144E+18	0.912195122
1.57651E+18	0.934146343
1.24179E+18	0.95121952
1.02234E+18	0.978048785
9.44164E+17	0.993902445
