8.26925E+17	-0.08780489
9.35855E+17	-0.053658513
1.10699E+18	-0.023170709
1.43044E+18	0.007317095
1.8648E+18	0.024390284
2.80038E+18	0.036585405
1.67713E+18	0.042682966
1.05914E+18	0.042682966
6.86834E+17	0.047561033
4.65528E+17	0.048780527
3.04568E+17	0.056097581
1.88969E+17	0.060975648
1.10211E+17	0.067073209
6.89876E+16	0.078048837
4.16832E+16	0.093902439
2.56347E+16	0.112195122
1.7222E+16	0.136585365
1.24179E+16	0.169512249
9.03346E+15	0.209756094
6.86834E+15	0.254878099
5.70477E+15	0.304878079
4.95242E+15	0.358536586
4.53346E+15	0.4182927
4.37597E+15	0.476829274
4.49357E+15	0.535365848
4.90884E+15	0.586585367
5.6048E+15	0.640243921
6.68861E+15	0.68536588
8.34267E+15	0.728048782
1.06854E+16	0.760975619
1.43044E+16	0.791463423
2.00144E+16	0.8182927
2.92692E+16	0.840243909
4.24266E+16	0.853658548
6.37122E+16	0.867073186
8.99361E+16	0.87439024
1.33869E+17	0.882926835
2.04616E+17	0.889024395
3.01888E+17	0.890243912
4.22395E+17	0.896341473
6.45625E+17	0.89756099
9.11366E+17	0.9
1.25282E+18	0.898780483
1.70705E+18	0.901219517
2.90116E+18	0.904878044
1.96637E+18	0.921951221
1.41785E+18	0.939024398
1.16729E+18	0.962195124
9.86828E+17	0.990243906
