Lc Rc
199.729273	4.588236039
165.74493	4.65240618
138.4791046	4.588236039
115.3069865	4.62032111
95.36330841	4.62032111
79.67563411	4.716578768
65.44941258	4.716578768
54.12917906	4.780748909
43.56876765	4.812833979
36.155453	4.941176708
29.4990866	5.005349297
24.81407132	5.037434367
20.45272102	5.133689578
17.43940657	5.390375036
14.97124004	5.679145564
13.34086544	5.935828574
11.64860301	6.096256374
9.898783679	6.83422523
8.672499704	7.604279156
7.623944218	8.374333082
6.933340893	9.14438456
6.283949207	9.946523557
5.656884548	11.26203347
5.161940602	12.67379615
4.823451581	14.27807536
4.537830887	15.75401063
4.312776945	17.19786082
4.071179252	18.64171101
3.88241223	20.2780753
3.689863808	21.91443836
3.506864835	23.6149734
3.344263193	24.93048148
3.167644299	26.59893023
3.05165994	28.04278042
2.929968974	29.3582888
