Lc Rc
200.4077744	4.941176708
166.8728624	4.973261778
129.3984778	4.941176708
102.4021872	5.005349297
81.31336195	5.197862166
63.26714156	5.422460106
50.75153765	5.679145564
41.83138782	6.256684173
34.59616508	6.770055089
28.32275959	7.604279156
23.42401047	8.278075423
20.31447633	9.240642219
17.79787251	10.39572188
15.17569885	11.51871648
13.34086544	12.57754093
11.80769143	14.02139113
10.55757242	15.75401063
9.601230873	17.35828862
8.790940327	19.09090934
8.10380933	20.7272724
7.495764614	22.36363669
7.00423745	24.06417112
6.56717384	25.7005348
6.199285357	27.27272711
5.931928305	28.78074866
5.714728759	30
