Lc Rc
1.017100271	6.962567959
1.156986815	6.705882501
1.311657281	6.385026902
1.507312375	6.064171303
1.785833492	5.711230634
2.58446806	5.582887905
2.14471555	5.614972976
3.146232642	5.679145564
3.817138135	5.775400775
4.631106924	5.775400775
5.599625832	5.775400775
6.886476833	5.807488293
8.672499704	5.775400775
11.2602052	5.775400775
13.66134507	5.775400775
16.57449836	5.839573363
20.59190649	5.807488293
25.23839866	5.807488293
30.82864348	5.775400775
38.82410975	5.711230634
47.26299964	5.743315705
58.71886749	5.743315705
75.4677453	5.775400775
90.0211459	5.775400775
112.6020738	5.743315705
139.421559	5.775400775
161.856826	5.743315705
192.4161684	5.807488293
